0.00256686
-0.00218032
-0.0156643
-0.0177502
-0.0207422
-0.0211936
-0.0172532
-0.0262688
-0.0198587
-0.0220951
-0.0144443
-0.0106875
-0.0171879
0.00494526
0.043773
0.0533711
0.0303047
-0.00622761
0.0097857
0.0106855
0.018822
-0.000819594
-0.0130201
-0.00739296
-0.00620063
-0.00589359
-0.0175522
-0.016289
-0.00876218
-0.0203749
-0.0321095
-0.0286045
-0.0226887
-0.0171122
-0.00617169
-0.00424714
-0.0192119
0.0203952
0.0174292
0.011092
0.0149058
0.0267358
0.0421741
0.0350648
0.0127155
0.00607254
0.0456946
0.0365092
0.0136191
-0.0208576
-0.00158516
0.00190511
-0.0215979
-0.0170338
-0.0257253
-0.0210796
-0.0149075
-0.0119425
-0.0136343
-0.0293447
-0.0136595
-0.0174118
-0.013838
-0.0119338
0.0156846
0.0487371
0.0288109
0.00986068
-0.0232342
0.05461
0.0615436
-0.01295
-0.0298023
-0.0222514
-0.0247189
-0.0165463
-0.0300414
-0.00148192
-0.0137321
-0.0310421
-0.00759228
-0.0182493
-0.0260718
-0.016105
-0.0218136
-0.0254329
-0.029246
-0.0182174
-0.0319956
0.00176439
0.0235636
0.0403949
0.012242
0.0032437
-0.0269022
-0.000251681
0.0289041
0.0390106
0.00661218
0.00334512
-0.0110255
0.00598782
0.0911165
0.177262
0.31019
0.327146
0.287932
0.247598
0.22091
0.187058
0.164117
0.172939
0.269287
0.414737
0.417365
0.297426
0.212592
0.245291
0.256786
0.201895
0.186576
0.199533
0.18759
0.188798
0.162168
0.330716
0.295108
0.188738
0.202678
0.174831
0.166229
0.17231
0.169693
0.158423
0.205827
0.192461
0.158406
0.148852
0.148063
0.141852
0.138458
0.164312
0.172659
0.153722
0.218161
0.207907
0.17398
0.157372
0.161818
0.192212
0.191154
0.179377
0.159434
0.170032
0.167949
0.133671
0.149253
0.157539
0.146777
0.141657
0.170608
0.169026
0.200157
0.21625
0.203895
0.16691
0.176917
0.174278
0.187254
0.185176
0.164447
0.165819
0.19169
0.202069
0.167146
0.162382
0.193362
0.272466
0.212749
0.189644
0.244648
0.182871
0.169143
0.212013
0.175729
0.161326
0.187902
0.199494
0.304246
0.328778
0.279301
0.219902
0.176876
0.26778
0.224804
0.253629
0.321416
0.239632
0.299184
0.331588
0.239675
0.193792
0.18313
0.170095
0.199726
0.261281
0.244721
0.264469
0.391178
0.309044
0.176349
0.203556
0.277152
0.290779
0.375288
0.389824
0.317725
0.364002
0.431412
0.428659
0.291103
0.217243
0.164288
0.151619
0.216818
0.2696
0.309886
0.260752
0.251892
0.272706
0.289374
0.288262
0.196686
0.16626
0.214321
0.227876
0.184796
0.203849
0.233159
0.20258
0.176889
0.368266
0.352136
0.229807
0.397896
0.540287
0.442658
0.263318
0.27495
0.182731
0.216735
0.309654
0.313515
0.31318
0.394961
0.424564
0.497998
0.413549
0.214457
0.232413
0.257704
0.215721
0.189855
0.261543
0.219974
0.285878
0.380007
0.369878
0.344977
0.300027
0.207751
0.239727
0.210266
0.278061
0.385379
0.492513
0.611792
0.541317
0.302493
0.157588
0.229644
0.38777
0.434846
0.491558
0.683755
0.75196
0.65962
0.339137
0.169712
0.251591
0.327196
0.355943
0.31297
0.48034
0.482361
0.256341
0.190272
0.330912
