-0.0850799
-0.132288
0.0645314
0.00983965
-0.0137482
0.01703
-0.0334624
0.00962102
0.0223838
-0.0558128
-0.127411
-0.198793
-0.133821
-0.0972848
-0.397316
-0.0233225
0.23391
0.164978
0.364782
0.212128
-0.0641125
0.157548
0.00663519
-0.0416777
0.278298
0.0490654
-0.150374
-0.109086
0.0741315
-0.0475254
0.0352967
-0.048316
-0.0552983
0.15453
0.166848
-0.0674067
0.0579964
-0.100861
-0.196188
-0.434363
-0.141463
0.0933112
0.0392011
0.314379
0.286165
0.289834
0.183582
-0.072805
-0.0405761
-0.0229306
0.222012
0.154985
-0.0196565
-0.00320351
-0.0778253
-0.0881523
0.0159078
-0.0615282
-0.0373231
-0.076052
0.0476582
-0.280603
-0.538129
0.0727824
-0.208479
-0.337807
-0.318033
-0.122401
0.0313888
0.45804
0.321397
-0.029255
0.123081
0.0304792
0.0232315
-0.0770069
0.0524397
0.16184
-0.027941
-0.0353137
0.00734019
0.108602
-0.0731736
0.0750103
0.0127152
-0.070518
-0.0162253
-0.031898
-0.200605
-0.221967
-0.3474
-0.0296381
-0.237849
-0.0272501
0.0469543
0.177009
0.539117
0.424732
0.319106
0.290554
0.338855
-0.138282
-0.289966
-0.426458
-0.736293
-0.122263
0.0857544
0.293566
-0.199346
-0.914363
-0.395575
0.0684374
0.289475
-0.2479
-1.32968
-1.68125
-1.5925
-1.34613
-1.17696
-1.40445
-1.60479
-1.99702
-1.76741
-1.61752
-2.04826
-2.16144
-1.80167
-1.7068
-1.66502
-1.63067
-1.58517
-1.61029
-1.70774
-1.76204
-1.56477
-1.47242
-1.70216
-1.71898
-1.70655
-1.70907
-1.71569
-1.7434
-1.92662
-2.07745
-1.94611
-1.91926
-1.68196
-1.698
-1.61921
-1.60518
-1.73498
-1.60422
-1.68683
-1.51953
-1.6021
-1.80644
-1.76047
-1.83437
-1.89243
-1.77836
-1.899
-2.13566
-2.34146
-1.81072
-1.64392
-1.73271
-1.62517
-1.69907
-1.78987
-1.62004
-1.66752
-1.63525
-1.56326
-1.59672
-1.59342
-1.50324
-2.01897
-2.21609
-2.2293
-1.87355
-2.07352
-1.66626
-1.5692
-1.67579
-1.65665
-1.38147
-1.25602
-1.67007
-1.42981
-1.89306
-2.25099
-1.75727
-1.45353
-1.30907
-1.34761
-1.21873
-0.948426
-1.46174
-2.24618
-2.1719
-1.918
-2.02721
-1.81912
-1.7433
-1.41022
-1.25106
-1.48163
-2.23542
-2.47792
-1.94877
-1.72572
-1.3772
-1.3989
-1.10176
-0.762823
-0.777478
-1.03833
-0.961657
-0.701287
-0.682776
-1.09487
-1.70485
-1.76782
-1.53791
-1.56045
-1.35304
-1.09299
-0.993879
-1.07905
-1.02498
-0.900375
-1.09007
-1.38273
-1.55062
-1.61332
-1.70921
-1.82655
-1.16048
-1.65878
-1.99767
-1.87997
-2.42024
-2.16331
-1.63797
-1.02944
-0.490629
-0.523823
-1.82535
-1.54852
-1.6315
-1.66467
-1.23703
-1.02657
-1.00147
-0.674565
-0.51541
-0.469173
-0.606043
-0.875421
-1.33034
-1.40911
-0.999776
-0.989584
-1.09433
-1.36001
-1.08759
-0.832411
-1.22392
-1.65154
-1.78053
-1.57223
-1.2325
-1.35203
-1.02932
-0.78076
-0.61522
-0.435477
-0.833884
-1.39986
-1.53951
-1.45067
-1.10708
-0.964851
-0.918587
-0.427593
-0.292034
-0.600011
-1.01754
-1.45832
-1.23889
-0.74338
-0.686929
-0.661373
-0.183513
-0.287773
-0.860418
-1.21891
-1.65802
