-0.017203
-0.0244669
0.00821956
-0.00151773
-0.00555567
-0.000267759
-0.0088582
-0.00155559
0.000668794
-0.0125244
-0.0237322
-0.0341352
-0.0246971
-0.019114
-0.0594511
-0.0071677
0.0419867
0.027551
0.0722889
0.0373171
-0.0138652
0.0260536
-0.0020719
-0.0102153
0.0518231
0.00541176
-0.0271601
-0.0209397
0.00998436
-0.0111746
0.0029484
-0.0113038
-0.012441
0.0254487
0.0279298
-0.0143942
0.00702783
-0.0196695
-0.0337685
-0.0636437
-0.0258392
0.0135614
0.00364351
0.0601468
0.0536124
0.054452
0.0313496
-0.0152574
-0.010034
-0.00710203
0.0394234
0.0255398
-0.00655229
-0.00376233
-0.016056
-0.0176863
-0.000463456
-0.0134489
-0.00949737
-0.0157744
0.00515845
-0.0451796
-0.074593
0.00973533
-0.0354905
-0.0523825
-0.0499391
-0.0229739
0.0022554
0.0964339
0.0618009
-0.00815885
0.019251
0.00209449
0.000817537
-0.0159261
0.00602067
0.0269174
-0.00793982
-0.009165
-0.00195013
0.0164627
-0.0153162
0.0101468
-0.00101893
-0.0148923
-0.00597425
-0.00859852
-0.0343898
-0.037356
-0.0535506
-0.00822264
-0.0395206
-0.00782453
0.00503187
0.0299994
0.119335
0.0875506
0.0612596
0.0546169
0.0659667
-0.0253648
-0.0463869
-0.0627622
0.478886
0.884915
1.09136
1.3412
0.819267
0.400772
0.673293
1.07572
1.33573
0.780438
0.264562
0.186141
0.203416
0.260246
0.308214
0.245502
0.200931
0.135739
0.170774
0.19839
0.128959
0.11516
0.165022
0.181445
0.189187
0.195798
0.204914
0.199829
0.181276
0.171694
0.209137
0.22937
0.182289
0.179249
0.18149
0.181034
0.179839
0.174924
0.14564
0.125249
0.142829
0.146715
0.18601
0.183048
0.198054
0.200854
0.176403
0.201045
0.185105
0.218814
0.201472
0.164238
0.171964
0.159715
0.150706
0.168915
0.149718
0.118167
0.0961871
0.163536
0.193222
0.176805
0.196877
0.182854
0.166981
0.19789
0.188714
0.194903
0.209453
0.202561
0.20323
0.222408
0.132793
0.109034
0.107604
0.153577
0.125743
0.188953
0.208211
0.187161
0.190777
0.25121
0.284786
0.188233
0.239356
0.15061
0.105295
0.172515
0.233745
0.27007
0.25986
0.295605
0.38735
0.231832
0.105803
0.113961
0.1469
0.131703
0.162168
0.174942
0.244089
0.286201
0.227266
0.106947
0.0839174
0.142449
0.178044
0.252284
0.246867
0.332287
0.466348
0.459564
0.354047
0.382259
0.495947
0.505213
0.334585
0.181799
0.170704
0.214829
0.210041
0.258455
0.335211
0.370138
0.339919
0.358803
0.406417
0.336194
0.250892
0.212116
0.199225
0.181008
0.160969
0.313335
0.190372
0.13565
0.152595
0.0889006
0.114944
0.194375
0.357207
0.612241
0.592252
0.161161
0.212562
0.195636
0.189253
0.290245
0.358233
0.367338
0.509378
0.597256
0.62552
0.545505
0.416687
0.264388
0.244361
0.367962
0.371731
0.334765
0.256659
0.337028
0.434999
0.294074
0.191755
0.168549
0.207581
0.291563
0.258715
0.35725
0.458058
0.540522
0.646956
0.434359
0.246632
0.214487
0.234412
0.330524
0.38104
0.399083
0.652077
0.746743
0.548806
0.361482
0.232627
0.289704
0.475504
0.503119
0.516142
0.832341
0.749932
0.422985
0.295551
0.190517
