0
0
0
0
0
0
0
0
0
0
0
0
0
0
0
0
0
1
1
1
0
0
0
0
0
0
0
0
0
0
0
0
0
0
0
0
0
0
0
0
0
0
0
0
1
1
1
0
0
0
0
0
0
0
0
0
0
0
0
0
0
0
0
0
0
0
1
1
1
1
1
1
0
1
1
1
1
0
0
0
0
0
1
1
1
1
1
1
0
0
0
1
1
1
1
1
1
1
1
1
1
1
1
1
1
2
2
2
3
2.23607
2.23607
2.23607
2.23607
2.23607
2.23607
3
3
4
3
3.16228
2.23607
2.23607
2.23607
2.23607
2.23607
2.23607
3
3
3
3.16228
2.23607
2.23607
2.23607
2.23607
2.23607
2.23607
2.23607
2.23607
2.23607
2.23607
2.23607
2.23607
2.23607
2.23607
2.23607
2.23607
2.23607
2.23607
2.23607
2.23607
2.23607
2.23607
2.23607
1.41421
1.41421
1.41421
2.23607
1.41421
1.41421
1.41421
1.41421
1.41421
1.41421
2
2
2
2
2
2
2
2
1
1
1
1
1.41421
1.41421
1.41421
1
1
1
1
1
2
1
1
1
1
1
1
1
1
1
1
2
2
1.41421
1.41421
1
1
1
1
2
2
2
2
2
1
1
1
2.23607
2
2
2
2
1
1
1
1
1
1
2.23607
1.41421
1.41421
1.41421
1.41421
2.23607
2.23607
2.23607
2.23607
3.60555
3.60555
3.60555
4.24264
4.24264
3.60555
3.60555
3.60555
3.60555
3.60555
3.60555
3.60555
3.60555
2.23607
2.23607
3.60555
3.16228
3.60555
4.24264
4.24264
5
5
4.24264
4.24264
5.65685
5.65685
5.65685
6.40312
7.81025
7.81025
7.07107
7.07107
8.48528
7.81025
7.81025
7.81025
7.81025
7.81025
7.81025
7.81025
7.81025
6.40312
7.81025
7.81025
7.81025
7.81025
9.21954
9.21954
9.8995
10.6301
10.6301
10.6301
11.3137
12.0416
13.4536
13.4536
15.6205
16.4012
17.2047
17.2047
17.2047
17.8045
17.8045
17.8045
19.2094
19.8494
19.8494
21.2603
20.5183
19.799
