0.0366149
0.136079
0.0942397
0.113247
0.172243
-0.0322077
-0.00495338
0.00605106
-0.14245
-0.285058
-0.422042
-0.0333071
-0.444016
-0.574769
-0.490177
-0.179298
0.0497313
0.361621
1.11356
0.493423
-0.16292
-0.178007
0.493565
0.53355
0.11909
-0.0657392
-0.395466
0.283185
0.254761
-0.0864592
-0.413374
0.0302126
0.16407
0.00936127
-0.0414507
0.37511
-0.0185664
0.253758
-0.290748
-1.29878
-0.863549
-0.382162
-0.16641
1.21728
0.976314
0.8303
0.77691
-0.000339031
-0.0993848
-0.195436
0.475155
0.829546
0.0501707
-0.405101
-0.548012
-0.0175092
0.0800858
-0.291113
0.368447
0.207768
0.0458605
-0.532725
-0.966558
-0.331496
0.254298
-1.00273
-0.7557
-0.458853
-0.52088
2.16351
2.49284
0.165288
-0.677328
-0.0112062
0.0976982
-0.123582
-0.635631
0.543996
0.355653
-0.207181
-0.383173
-0.346024
0.162469
0.320438
-0.334363
-0.827426
-0.140827
0.291784
-0.430411
-0.395424
-1.18152
-0.856246
-0.578865
-0.287974
-0.634661
0.64052
1.53805
1.98589
0.746098
0.775547
0.217023
-0.90287
-1.08525
-0.564666
2.40448
3.03503
3.31754
5.2126
5.33518
4.64368
3.3001
3.09113
2.35204
2.74669
2.36264
3.16681
4.32941
5.59667
5.74835
5.03268
4.28682
3.15753
3.06582
4.51755
2.41362
2.22799
1.94197
4.19498
5.10912
3.993
3.32636
3.54474
3.92047
3.66628
4.91233
4.79147
3.35462
3.49851
3.2823
2.78037
3.01508
3.69836
3.49922
2.8838
2.20826
2.1398
3.00306
3.20589
3.61724
4.09037
3.44939
3.65638
3.69918
3.76688
3.9035
2.68709
2.771
3.20602
2.89556
2.99915
3.12007
2.46611
2.25804
2.88758
3.03177
3.5646
4.1745
3.76366
3.70535
3.55729
3.73813
3.87317
4.4592
5.0076
4.12551
3.54342
2.79226
2.38434
2.29028
3.16341
3.1524
3.16121
3.75672
3.8269
3.54201
3.84223
4.21551
3.1708
2.68472
2.31469
2.13745
2.57248
3.68039
6.7393
5.65406
6.51124
8.73422
4.45189
2.17597
1.98386
2.28908
2.50597
2.8299
3.55922
4.66842
5.12553
3.63966
2.05416
2.40585
2.26778
2.77358
4.54601
7.05684
7.6194
10.0821
10.1711
8.03978
9.4213
11.9602
11.9137
7.89623
4.45035
3.23875
3.35922
4.98055
6.43467
8.35532
6.58582
6.1484
6.77995
7.82364
7.43539
4.68658
3.21941
2.96061
3.4083
3.52238
4.43404
3.4324
2.61466
2.33113
2.66591
2.45396
3.81856
10.2063
14.7399
12.3737
4.43249
4.29111
3.47338
4.20438
5.59163
6.81944
8.07707
10.397
12.0442
14.0615
11.1179
4.51761
3.65392
3.9454
4.12235
4.42884
4.70009
3.4347
3.71166
3.72207
3.49996
3.02544
2.60154
2.81589
5.39187
4.90063
6.95375
10.378
13.5793
17.0224
15.172
8.34872
3.26879
5.03193
10.0034
11.1476
12.7069
19.766
22.9542
18.7578
8.00887
3.16113
5.06695
8.18401
8.94392
7.93545
12.3562
12.0947
4.19495
2.95732
4.18942
