1.12333
1.29979
1.13587
1.07733
1.11197
1.09154
1.10462
1.08117
1.12249
1.17549
1.12977
1.12806
1.08351
1.15066
1.10227
1.06973
1.06852
1.05778
1.25567
1.14252
1.12285
1.02665
1.12372
1.05261
1.08662
1.09852
1.10098
1.11048
1.06124
1.19288
1.05012
1.07408
1.08377
1.10892
1.18787
1.1695
1.02726
1.13163
1.20745
1.05276
1.23411
1.10859
1.0674
1.08967
1.11041
1.02472
1.10358
1.0319
1.11612
1.13136
1.08666
1.04735
1.03658
1.06437
1.09233
1.02577
1.04631
1.05115
1.01919
1.00156
1.1059
1.14839
1.08422
1.11157
0
0
1.11023
1.14298
1.14663
1.12901
1.1473
1.15359
1.1556
1.14125
1.20246
0
1.13373
1.21672
0
1.17251
1.03316
1.12073
1.07485
1.25142
0
1.0822
0
1.07222
1.13281
1.0452
1.12402
1.24252
1.15146
1.13895
1.13609
1.1272
1.12353
1.13481
1.19709
1.09102
1.12691
1.11332
1.06521
1.22842
1.11383
1.09826
1.17046
1.30512
2.4103
3.60342
3.76677
3.95482
4.40589
5.05915
5.46008
6.0315
5.84783
5.76986
5.60678
5.81311
5.93638
5.81205
5.92665
5.80807
5.79073
5.90567
5.90672
5.60026
5.50211
5.72416
5.50512
5.62251
5.5497
5.78103
5.7671
5.61153
5.72487
5.668
5.73231
5.70252
5.6233
5.75522
5.70805
5.66615
5.62747
5.72956
5.59864
5.17421
5.16347
5.36987
5.35777
5.62072
5.66263
5.58729
5.64346
5.66163
5.55095
5.48462
5.58625
5.67392
5.58181
5.63702
5.48432
5.36174
5.35739
5.26746
5.17194
5.1734
5.20236
5.21043
5.22593
5.16702
5.15007
5.16631
5.24457
5.07644
5.18273
5.1564
5.14228
4.93509
4.98844
4.97143
5.05944
5.27454
5.00097
5.08058
5.06637
4.99476
5.06694
4.57939
4.03687
4.01256
3.74995
3.35595
3.22307
3.20561
3.06713
3.0119
3.02154
2.99701
2.89614
2.98189
2.91072
2.91089
2.90059
2.80016
2.81906
2.7802
2.78422
2.5257
2.42867
2.46386
2.50572
2.53608
2.61157
2.69531
2.83145
2.79209
2.80624
2.89206
3.08785
3.197
3.23704
3.13422
3.15063
3.16292
3.20647
3.26904
3.36579
3.4358
3.52363
3.63928
3.79384
3.9089
3.94151
3.96684
3.8566
3.76367
3.7106
3.66729
3.56621
3.47778
3.34184
3.15633
2.93555
2.901
3.0606
3.38163
3.38212
3.28174
3.32966
3.23293
3.17699
3.37872
3.43395
3.5952
3.73735
3.96188
4.19429
4.41949
4.54419
4.58141
4.57071
4.7085
4.85226
4.89765
4.88509
5.07359
5.19985
5.34879
5.18313
5.10094
5.15699
5.15907
5.26558
5.5323
5.80967
6.05627
6.04859
6.07552
6.07172
5.96748
5.959
6.05632
6.0931
6.08203
6.27432
6.16729
6.33144
6.327
6.31394
6.45697
6.58392
6.69906
6.9062
7.54528
7.54464
7.65027
7.58336
7.16419
