-2.2625
-2.08605
-2.24996
-2.3085
-2.27386
-2.29429
-2.28121
-2.30466
-2.26334
-2.21035
-2.25606
-2.25777
-2.30232
-2.23517
-2.28356
-2.3161
-2.31731
-2.32805
-2.13017
-2.24331
-2.26298
-2.35918
-2.26211
-2.33322
-2.29922
-2.28731
-2.28485
-2.27535
-2.32459
-2.19295
-2.33571
-2.31175
-2.30206
-2.27691
-2.19796
-2.21633
-2.35857
-2.2542
-2.17839
-2.33308
-2.15172
-2.27725
-2.31843
-2.29616
-2.27542
-2.36111
-2.28225
-2.35393
-2.26971
-2.25448
-2.29918
-2.33848
-2.34925
-2.32146
-2.2935
-2.36006
-2.33952
-2.33469
-2.36664
-2.38427
-2.27993
-2.23744
-2.30161
-2.27426
-3.38583
-3.38583
-2.2756
-2.24285
-2.2392
-2.25682
-2.23853
-2.23224
-2.23023
-2.24459
-2.18337
-3.38583
-2.2521
-2.16911
-3.38583
-2.21333
-2.35267
-2.2651
-2.31098
-2.13441
-3.38583
-2.30363
-3.38583
-2.31361
-2.25302
-2.34063
-2.26181
-2.14331
-2.23437
-2.24688
-2.24974
-2.25863
-2.2623
-2.25103
-2.18874
-2.29481
-2.25892
-2.27251
-2.32062
-2.15742
-2.27201
-2.28757
-2.21537
-2.08071
-0.975534
0.217589
0.380942
0.568989
1.02006
1.67332
2.07425
2.64567
2.46199
2.38403
2.22095
2.42728
2.55055
2.42622
2.54081
2.42224
2.4049
2.51983
2.52089
2.21443
2.11628
2.33833
2.11928
2.23668
2.16387
2.3952
2.38126
2.2257
2.33904
2.28216
2.34648
2.31668
2.23747
2.36939
2.32222
2.28032
2.24164
2.34373
2.21281
1.78838
1.77764
1.98404
1.97193
2.23489
2.2768
2.20146
2.25762
2.2758
2.16511
2.09879
2.20041
2.28809
2.19597
2.25119
2.09849
1.97591
1.97156
1.88163
1.78611
1.78757
1.81652
1.82459
1.8401
1.78118
1.76424
1.78048
1.85874
1.69061
1.7969
1.77057
1.75645
1.54926
1.60261
1.5856
1.67361
1.88871
1.61514
1.69475
1.68054
1.60893
1.68111
1.19356
0.651038
0.626733
0.364116
-0.0298784
-0.162757
-0.180224
-0.318704
-0.373936
-0.364294
-0.388824
-0.489688
-0.403946
-0.475114
-0.474942
-0.485245
-0.585669
-0.566776
-0.605627
-0.601609
-0.860135
-0.957165
-0.921971
-0.880111
-0.849752
-0.774262
-0.690521
-0.554382
-0.593745
-0.579589
-0.493776
-0.297983
-0.188828
-0.148791
-0.251609
-0.235197
-0.222912
-0.179363
-0.116796
-0.0200438
0.0499673
0.137794
0.253448
0.408005
0.523067
0.555681
0.581007
0.470769
0.37784
0.324771
0.281456
0.180382
0.0919499
-0.0439937
-0.229498
-0.450282
-0.484832
-0.325231
-0.00420451
-0.00370812
-0.104095
-0.0561719
-0.152898
-0.208837
-0.00711656
0.048115
0.209373
0.351514
0.57605
0.808462
1.03365
1.15836
1.19558
1.18488
1.32267
1.46643
1.51182
1.49926
1.68775
1.81402
1.96296
1.79729
1.71511
1.77116
1.77324
1.87975
2.14646
2.42384
2.67044
2.66276
2.68969
2.68589
2.58165
2.57317
2.67049
2.70727
2.69619
2.88849
2.78146
2.94561
2.94117
2.92811
3.07113
3.19809
3.31323
3.52037
4.15945
4.15881
4.26443
4.19753
3.77836
