1.86415
1.82621
1.93041
1.87378
1.94282
1.98019
2.0319
1.88995
1.90249
1.95308
2.02078
1.96629
1.87395
1.83153
1.71543
1.6192
1.24882
1.21908
1.2396
1.44145
1.504
1.46072
1.48277
1.61474
1.7315
1.72153
1.64756
1.62093
1.66976
1.78994
1.72605
1.75078
1.72875
1.84118
1.8617
1.84447
1.78616
1.83862
1.86779
1.87099
1.86308
1.52345
1.41354
1.24709
1.2855
1.43884
1.59336
1.61752
1.55576
1.60313
1.42113
1.54465
1.611
1.70485
1.61814
1.53048
1.49107
1.58202
1.52238
1.49208
1.6583
1.62149
1.72061
1.59004
1.43246
1.39448
1.2862
1.05572
1.03309
1.03503
1.03078
1.17377
1.20966
1.17329
1.04466
1.26939
1.08718
1.17837
-1.#INF
1.29506
1.24379
1.26572
1.1675
1.20245
1.27025
1.18468
1.17776
1.1203
1.26841
1.25811
1.15595
1.21069
0.851072
0.836927
0.987703
0.86376
0.953324
1.07391
1.06047
1.2077
1.27059
1.45438
1.36938
1.14146
0.816963
0.925533
0.917252
1.30191
1.30307
1.58959
1.43066
1.6666
1.64308
1.70124
2.11696
2.33813
2.56653
2.60941
2.70512
2.66138
2.70883
2.65153
2.66732
2.49655
2.60738
2.61328
2.66396
2.7239
2.71504
2.71209
2.69777
2.45272
2.53457
2.57704
2.62093
2.34424
2.44422
2.52096
2.30773
2.37223
2.4155
2.38174
2.40738
2.49338
2.64183
2.5623
2.55032
2.59974
2.67032
2.51841
2.60934
2.48434
2.47677
2.45039
2.45566
2.50073
2.4489
2.4356
2.41005
2.36342
2.37587
2.33
2.37604
2.41453
2.4468
2.45497
2.44128
2.42231
2.35828
2.38995
2.39283
2.44092
2.47293
2.3304
2.40337
2.37155
2.31175
2.42402
2.46713
2.47575
2.54612
2.48482
2.3836
2.38436
2.36828
2.31624
2.27861
2.44647
2.31008
2.37879
2.51308
2.57502
2.60206
2.62023
2.71078
2.73518
2.65897
2.58477
2.78621
2.80736
2.77719
2.83456
2.96407
3.02978
2.81551
2.84221
2.68211
2.77264
2.76858
2.80793
2.79518
2.85746
2.68899
2.63371
2.71815
2.7895
2.61459
2.72465
2.75579
2.91847
3.12194
3.30303
3.39577
3.43168
3.45658
3.44843
3.43921
3.50847
3.66508
3.70551
3.84308
3.93429
4.04284
4.09971
4.10877
4.08485
4.05718
4.0183
4.02667
4.03272
3.99153
3.91934
3.89457
3.77154
3.71949
3.72542
3.86637
4.12474
4.14452
4.16748
4.28769
4.27686
4.20467
4.30354
4.35442
4.46749
4.60623
4.75213
4.92031
5.0437
4.97977
4.95743
4.86721
4.93083
5.01671
5.03058
5.03919
5.01589
5.06123
5.02168
5.01372
4.95097
4.90891
4.90772
4.98063
5.08681
5.20266
5.32214
5.45456
5.59548
5.63078
5.65139
5.65995
5.74725
5.82652
5.93789
6.03106
6.1563
6.17418
6.17386
6.1259
6.19067
6.17864
6.26268
6.18239
5.9563
5.98815
5.94659
5.93479
6.10561
