-0.090807
0.00865698
-0.0331821
-0.0141752
0.0448208
-0.15963
-0.132375
-0.121371
-0.269872
-0.41248
-0.549464
-0.160729
-0.571438
-0.702191
-0.617599
-0.30672
-0.0776906
0.234199
0.986134
0.366001
-0.290342
-0.305429
0.366143
0.406128
-0.00833178
-0.193161
-0.522888
0.155764
0.12734
-0.213881
-0.540796
-0.0972092
0.0366478
-0.118061
-0.168873
0.247688
-0.145988
0.126337
-0.41817
-1.4262
-0.990971
-0.509583
-0.293832
1.08986
0.848892
0.702878
0.649488
-0.127761
-0.226807
-0.322858
0.347733
0.702124
-0.0772512
-0.532523
-0.675433
-0.144931
-0.0473361
-0.418535
0.241025
0.0803461
-0.0815613
-0.660147
-1.09398
-0.458918
0.126876
-1.13015
-0.883122
-0.586275
-0.648302
2.03609
2.36542
0.0378666
-0.804749
-0.138628
-0.0297236
-0.251004
-0.763052
0.416574
0.228231
-1.38819
-1.03174
-0.766364
-0.522701
-0.318392
-0.179022
-0.0773597
0.041048
0.161422
0.24701
0.326834
0.379928
0.438591
0.500606
0.565487
0.619135
0.69527
0.782217
0.869579
0.93097
0.989238
1.03657
1.0668
1.09374
1.12661
4.39718
4.43387
4.47249
4.5303
4.58621
4.63245
4.66406
4.69279
4.7141
4.73844
4.75891
4.7857
4.8212
4.86531
4.90867
4.94515
4.97521
4.99678
5.01729
5.04677
5.06217
5.07618
5.08823
5.11378
5.14404
5.16707
5.18586
5.2055
5.22678
5.24628
5.27182
5.29613
5.3128
5.32989
5.34567
5.35884
5.37293
5.38995
5.40578
5.41865
5.42839
5.43774
5.45072
5.46439
5.47959
5.49651
5.51056
5.52523
5.53987
5.55455
5.56954
5.57974
5.59014
5.60204
5.61267
5.62356
5.63477
5.64353
5.6515
5.66159
5.67207
5.68426
5.69835
5.71089
5.72308
5.73464
5.74665
5.75894
5.77291
5.78837
5.80093
5.81159
5.81991
5.82696
5.83369
5.84291
5.85201
5.86105
5.87169
5.88242
5.89225
5.9028
5.91425
5.92278
5.92994
5.93608
5.94171
5.94844
5.958
5.97528
5.98954
6.00572
6.02701
6.0377
6.04288
6.04758
6.05297
6.05885
6.06544
6.07367
6.08436
6.09597
6.10414
6.10871
6.11405
6.11905
6.12514
6.13503
6.1502
6.16632
6.18726
6.20795
6.22401
6.2425
6.2655
6.28789
6.30246
6.31058
6.31645
6.3225
6.3314
6.34278
6.35738
6.36873
6.37922
6.39065
6.40369
6.41592
6.42356
6.42877
6.43354
6.439
6.44461
6.45163
6.45704
6.46113
6.46477
6.46891
6.47271
6.47859
6.49415
6.51619
6.53433
6.54075
6.54692
6.55189
6.55788
6.56578
6.57533
6.58653
6.60077
6.61701
6.63564
6.6501
6.65593
6.66062
6.66566
6.6709
6.67649
6.6824
6.68669
6.69131
6.69592
6.70024
6.70395
6.70714
6.71057
6.71712
6.72303
6.73136
6.74367
6.75954
6.77887
6.79572
6.80502
6.80864
6.81418
6.8251
6.83714
6.85068
6.87114
6.89422
6.91301
6.92094
6.92406
6.92903
6.93701
6.94566
6.95327
6.96501
6.97636
6.98027
6.98302
6.9869
