-0.404295
-0.539948
0.0530396
-0.115717
-0.198443
-0.0932064
-0.258326
-0.115052
-0.0689266
-0.322383
-0.525495
-0.720617
-0.545066
-0.42582
-1.15002
-0.17427
0.726261
0.403198
1.25259
0.611523
-0.341104
0.381728
-0.14115
-0.295636
0.865623
0.0183606
-0.581662
-0.487349
0.0921977
-0.29996
-0.0436673
-0.30569
-0.314304
0.37442
0.434178
-0.354275
0.0366807
-0.450592
-0.700501
-1.24822
-0.561462
0.179752
-0.00779009
1.05627
0.885139
0.920137
0.506802
-0.356708
-0.271444
-0.226889
0.627814
0.374143
-0.214568
-0.167849
-0.388301
-0.42352
-0.107018
-0.344105
-0.26841
-0.381898
0.00429058
-0.916209
-1.4483
0.114464
-0.723134
-1.02141
-0.992974
-0.51122
-0.0627887
1.72535
1.06728
-0.248096
0.280375
-0.0687709
-0.0837612
-0.392281
0.0260401
0.394141
-0.24491
-1.45902
-1.03841
-0.716324
-0.511126
-0.315163
-0.160605
-0.0370545
0.0784512
0.180616
0.25925
0.330807
0.390269
0.466874
0.524336
0.590994
0.658588
0.730239
0.826299
0.904733
0.969972
1.02935
1.08831
1.12293
1.1524
1.17701
4.53424
4.72559
4.94337
5.11786
5.22624
5.26835
5.34157
5.46335
5.60622
5.66914
5.68637
5.69801
5.71038
5.72593
5.74433
5.75854
5.76999
5.77758
5.78707
5.79796
5.80502
5.81153
5.82056
5.83025
5.8402
5.85045
5.86106
5.87135
5.88051
5.88911
5.89953
5.91091
5.91981
5.92851
5.93718
5.94579
5.95424
5.9624
5.96914
5.9749
5.98145
5.98813
5.99655
6.00474
6.01351
6.02239
6.0301
6.03883
6.04676
6.05607
6.06455
6.07139
6.07852
6.08508
6.09123
6.09812
6.10419
6.10896
6.11286
6.11948
6.12721
6.13417
6.14188
6.14896
6.1554
6.16299
6.17016
6.17749
6.18533
6.19285
6.2003
6.20846
6.21326
6.21733
6.22121
6.22672
6.23122
6.23791
6.24523
6.25179
6.25843
6.26711
6.27701
6.28362
6.2929
6.29829
6.30183
6.30781
6.31579
6.32482
6.3333
6.34312
6.35607
6.36336
6.36669
6.37027
6.37482
6.37886
6.38382
6.38912
6.39664
6.40555
6.41243
6.41567
6.41827
6.42247
6.42771
6.43515
6.44233
6.45213
6.46635
6.48015
6.49036
6.50133
6.51606
6.53103
6.5401
6.54485
6.54927
6.55482
6.56022
6.5669
6.57569
6.58544
6.59413
6.60336
6.61397
6.62231
6.62841
6.63348
6.63825
6.64263
6.64642
6.65399
6.65847
6.66166
6.66522
6.66734
6.67011
6.67473
6.68341
6.69914
6.71357
6.71719
6.72193
6.72618
6.73033
6.73685
6.74496
6.7531
6.76495
6.77888
6.79344
6.80582
6.81465
6.81997
6.82489
6.83241
6.83998
6.84674
6.85174
6.85851
6.86734
6.87311
6.87673
6.87987
6.88374
6.88925
6.89403
6.90086
6.90997
6.92087
6.934
6.9422
6.94656
6.9503
6.95439
6.9603
6.96722
6.97447
6.98711
7.00151
7.01135
7.01749
7.02128
7.02606
7.0343
7.04322
7.05235
7.06783
7.08138
7.08819
7.09276
7.09575
