0.166863
0.392801
0.558894
0.350769
0.4803
0.7953
0.567175
0.507019
0.44905
0.454051
0.518113
0.44905
0.593738
0.481863
0.394363
0.0795193
-0.212043
-0.311106
-0.274231
-0.270168
-0.0817307
0.11155
0.113894
0.178269
0.263113
-0.0275121
-0.139543
-0.0198557
0.161863
0.108269
0.084988
0.0143629
0.0349879
0.115144
0.090613
0.0215504
-0.014387
0.0117067
0.291394
0.290769
0.106863
-0.108918
-0.348606
-0.273606
-0.194543
-0.153762
-0.262825
-0.306887
-0.284231
-0.161574
-0.103293
-0.132512
0.0413942
0.0379567
-0.174231
-0.211575
-0.2047
-0.125637
-0.141418
-0.152668
-0.045012
0.00248802
0.149207
0.015613
-0.0321995
-0.404387
-0.0634495
0.142644
0.420769
0.638113
0.452332
-0.216575
-0.192356
-0.273762
-0.283293
-0.162981
-0.345481
-0.403918
-1.87439
-0.311731
-0.394856
-0.372512
-0.310012
-0.345012
-0.383606
-0.327512
-0.369075
-0.372356
-0.392512
-0.370012
-0.398918
-0.253293
0.0423317
0.383113
0.606238
0.734675
0.662801
0.456238
0.0404568
-0.182668
-0.241731
-0.119856
-0.0795432
0.149988
2.27906
2.79906
2.73781
3.25547
4.24531
5.53125
5.61141
6.20703
6.76672
7.63938
8.18984
8.44594
8.77422
8.84047
8.88359
8.86063
8.80172
8.69594
8.59859
8.64703
8.61125
8.54562
8.36156
8.50422
8.565
8.70063
8.64141
8.49406
8.43672
8.43375
8.33922
8.47953
8.45406
8.54203
8.42656
8.45547
8.28016
8.29906
8.31938
8.30547
8.15344
8.12828
8.27625
8.25281
8.29406
8.27812
8.21047
8.09672
8.01266
8.04922
8.03328
8.08953
8.10437
8.07781
8.04062
7.98156
7.92562
7.93672
7.78703
7.64563
7.64016
7.67984
7.80547
7.72
7.72844
7.51219
7.465
7.38781
7.34937
7.23672
7.27375
7.33172
7.3025
7.27625
7.15438
7.05719
7.00359
7.09516
7.07828
7.05594
7.09422
6.9625
6.99266
7.23891
7.21781
6.59469
5.95031
5.89406
5.57719
5.17703
5.12828
5.24188
5.08875
4.79734
4.86594
4.79266
4.68609
4.88656
5.21531
4.88172
4.8
4.61734
4.46359
4.34688
4.45062
4.19703
4.19953
4.32328
4.63859
4.45594
4.43234
4.23438
4.48016
4.83938
5.03516
5.37703
5.95172
6.28484
6.37719
6.23688
6.21578
6.25938
6.24797
6.32172
6.65672
6.99047
7.19281
7.51672
7.94938
8.12453
8.12187
8.13734
7.87594
7.70266
7.735
8.00766
7.69688
7.63344
7.21031
6.72453
6.48406
6.43109
6.95578
7.5325
7.46313
7.28312
7.50875
7.27531
7.17531
7.43578
7.64953
8.07703
8.54375
9.09984
9.77156
10.1095
10.2934
10.4231
10.5694
10.7322
10.8956
11.1677
11.2214
11.6227
12.047
12.1781
12.0578
11.9705
11.9794
12.0802
12.2352
12.5669
13.0616
13.6753
14.3561
14.4028
14.4544
14.4959
14.5223
14.6203
14.8337
15.1678
15.788
16.3381
16.707
16.7158
16.6063
16.7919
17.1645
17.5139
17.9933
19.0308
19.0953
19.3367
19.155
18.7011
