0.0314162
0.0625066
0.0495461
0.0554546
0.0735753
0.00932348
0.0181308
0.0216651
-0.0271152
-0.0763113
-0.125961
0.00896657
-0.134161
-0.184389
-0.151607
-0.0395968
0.0355718
0.129619
0.325516
0.166848
-0.0340297
-0.0391569
0.166888
0.177913
0.0572642
-0.00161994
-0.116134
0.106787
0.0983822
-0.00844252
-0.122746
0.0293814
0.0710844
0.0227257
0.00631881
0.133493
0.0137414
0.0980843
-0.0783255
-0.520184
-0.305166
-0.111251
-0.0352135
0.349761
0.292506
0.256148
0.242516
0.0196143
-0.0127223
-0.0451125
0.16177
0.255957
0.0357107
-0.119686
-0.173903
0.0140829
0.0451233
-0.0784546
0.131581
0.0843304
0.0343472
-0.167961
-0.352038
-0.0928683
0.0982445
-0.369034
-0.258337
-0.139735
-0.163382
0.547388
0.607932
0.0714562
-0.225632
0.016117
0.0506238
-0.0207837
-0.208658
0.180774
0.1279
-0.0491463
-0.111621
-0.0981048
0.0705959
0.117696
-0.0938995
-0.289235
-0.0265689
0.109315
-0.129076
-0.116119
-0.457558
-0.301925
-0.186004
-0.0773429
-0.208267
0.206825
0.42122
0.513147
0.234564
0.242166
0.0871136
-0.3228
-0.408923
-0.180417
0.877335
1.11022
1.19922
1.65108
1.67432
1.53551
1.19395
1.12854
0.855283
1.0104
0.859779
1.15272
1.46543
1.72217
1.74891
1.61595
1.45555
1.14979
1.12031
1.50797
0.881127
0.8011
0.663702
1.43389
1.63103
1.38454
1.20188
1.26546
1.36621
1.29918
1.59175
1.56684
1.21034
1.25234
1.18854
1.02258
1.10363
1.30789
1.25254
1.05911
0.792203
0.760712
1.09963
1.16499
1.28571
1.40864
1.2382
1.29647
1.30811
1.32625
1.36187
0.98846
1.01921
1.16503
1.06318
1.09833
1.13785
0.902643
0.814497
1.06042
1.10915
1.27105
1.429
1.32539
1.30978
1.269
1.31858
1.35407
1.49497
1.61096
1.41719
1.26509
1.02685
0.868921
0.828674
1.15165
1.14816
1.15096
1.32355
1.34206
1.26469
1.34605
1.43877
1.15398
0.987577
0.839275
0.759612
0.94487
1.30302
1.90796
1.73237
1.87353
2.16725
1.49333
0.777475
0.685045
0.828149
0.918674
1.04024
1.26954
1.54082
1.63423
1.29189
0.719868
0.877902
0.818801
1.02014
1.51425
1.954
2.0307
2.31076
2.31955
2.0844
2.24297
2.48158
2.47769
2.06638
1.49298
1.17519
1.21171
1.60554
1.8617
2.1229
1.88492
1.81619
1.91397
2.05715
2.00625
1.5447
1.1692
1.08539
1.22621
1.25914
1.48931
1.23326
0.961134
0.846352
0.980545
0.897701
1.33987
2.32301
2.69056
2.51557
1.48896
1.45655
1.24513
1.43613
1.72127
1.91978
2.08903
2.34152
2.48858
2.64344
2.40855
1.50798
1.2958
1.37255
1.41642
1.48814
1.54758
1.23393
1.31148
1.31428
1.25275
1.10706
0.956105
1.03528
1.68489
1.58936
1.93928
2.33969
2.60855
2.83453
2.71945
2.12211
1.18442
1.6158
2.30293
2.41122
2.54215
2.98396
3.1335
2.93161
2.08055
1.15093
1.62274
2.10218
2.19097
2.07134
2.51415
2.49277
1.43388
1.08429
1.43256
