1.64437
1.68859
1.78578
1.82609
1.76672
1.88828
1.75922
1.76641
1.69531
1.67703
1.76
1.8125
1.84766
1.90344
1.845
1.70703
1.58703
1.49266
1.525
1.61641
1.72516
1.72656
1.63203
1.68969
1.74469
1.57687
1.54984
1.60547
1.69687
1.68172
1.59
1.58109
1.55516
1.63141
1.61219
1.60156
1.59594
1.60531
1.68266
1.67656
1.68969
1.58609
1.46969
1.43516
1.54875
1.69609
1.76859
1.60719
1.485
1.51344
1.57062
1.55359
1.51984
1.60016
1.54594
1.5375
1.47234
1.5475
1.56078
1.51563
1.57703
1.51156
1.58719
1.58797
1.56547
1.44125
1.63156
1.52656
1.59984
1.62484
1.65453
1.455
1.52688
1.50422
1.46906
1.68438
1.43344
1.38312
0
1.44687
1.44
1.40016
1.50719
1.42656
1.39391
1.43484
1.38406
1.39844
1.38344
1.43969
1.38437
1.37937
1.47297
1.60219
1.75359
1.72406
1.87312
1.78937
1.74531
1.45484
1.51984
1.68766
1.63812
1.76109
1.78578
2.12391
2.45984
2.99422
3.21
3.24141
3.06859
3.28906
3.47906
3.55813
3.65297
4.035
4.39391
4.64016
4.61281
4.80813
4.70078
4.42906
4.28484
4.63812
4.39578
4.34
4.30297
4.80578
4.84125
5.17922
5.14906
4.79516
4.73594
4.70797
4.57406
4.81828
4.72703
4.74438
4.65125
4.49406
4.39547
4.34594
4.31922
4.13781
4.055
4.16172
4.34203
4.51344
4.6075
4.58672
4.45609
4.33469
4.16344
4.08156
4.10609
4.09812
4.10844
4.01172
3.98109
3.89797
3.90375
3.89172
3.82734
3.85375
3.96859
4.05906
4.13391
4.08453
3.99609
3.87359
3.77813
3.67984
3.65734
3.61687
3.63672
3.52516
3.46891
3.48859
3.43266
3.67156
3.64719
3.66219
3.67516
3.69594
3.61234
3.58625
3.59891
3.62594
3.56
3.72359
4.01312
4.16031
4.29422
4.295
4.23969
4.19266
4.15016
3.90469
3.96641
4.29875
4.23234
4.39547
4.59078
4.41937
4.47016
4.44359
4.31609
4.3175
4.65328
4.72719
5.01766
5.07344
5.07109
4.76875
4.57672
4.41016
4.30219
4.51172
4.58266
4.56297
4.68406
4.78547
4.95703
5.07047
5.02516
4.95125
4.75688
4.66922
4.69469
5.01344
5.06719
5.16437
5.66016
5.92141
5.83547
5.60625
5.37578
5.34422
5.28547
5.64234
5.55016
5.72344
5.54688
5.3375
5.4475
5.48812
5.58047
5.46875
5.55844
5.70547
5.91234
6.02313
5.84438
5.86406
6.15484
6.37609
6.70875
7.21
7.99531
8.34813
8.14141
8.08047
7.95906
7.93531
7.68141
7.64281
7.82734
8.20156
8.62016
8.65109
8.47516
8.42953
8.15953
8.25469
8.49922
8.72453
9.04219
9.45141
9.91562
10.5342
10.9916
10.7789
10.9422
10.8834
11.2972
11.365
12.0814
13.1445
13.6831
13.5538
12.925
12.9964
13.1633
13.4381
13.6563
14.2123
14.5094
14.7119
14.4381
13.7934
