-2.67294
-2.62873
-2.53154
-2.49123
-2.5506
-2.42904
-2.5581
-2.55091
-2.62201
-2.64029
-2.55732
-2.50482
-2.46966
-2.41388
-2.47232
-2.61029
-2.73029
-2.82466
-2.79232
-2.70091
-2.59216
-2.59076
-2.68529
-2.62763
-2.57263
-2.74044
-2.76748
-2.71185
-2.62044
-2.6356
-2.72732
-2.73623
-2.76216
-2.68591
-2.70513
-2.71576
-2.72138
-2.71201
-2.63466
-2.64076
-2.62763
-2.73123
-2.84763
-2.88216
-2.76857
-2.62123
-2.54873
-2.71013
-2.83232
-2.80388
-2.74669
-2.76373
-2.79748
-2.71716
-2.77138
-2.77982
-2.84498
-2.76982
-2.75654
-2.80169
-2.74029
-2.80576
-2.73013
-2.72935
-2.75185
-2.87607
-2.68576
-2.79076
-2.71748
-2.69248
-2.66279
-2.86232
-2.79044
-2.8131
-2.84826
-2.63294
-2.88388
-2.93419
-4.31732
-2.87044
-2.87732
-2.91716
-2.81013
-2.89076
-2.92341
-2.88248
-2.93326
-2.91888
-2.93388
-2.87763
-2.93294
-2.93794
-2.84435
-2.71513
-2.56373
-2.59326
-2.44419
-2.52794
-2.57201
-2.86248
-2.79748
-2.62966
-2.67919
-2.55623
-2.53154
-2.19341
-1.85748
-1.3231
-1.10732
-1.07591
-1.24873
-1.02826
-0.838257
-0.759194
-0.664351
-0.28232
0.0765867
0.322837
0.295493
0.490806
0.383462
0.111743
-0.0324755
0.320806
0.0784616
0.0226808
-0.0143504
0.488462
0.523931
0.861899
0.831743
0.477837
0.418618
0.390649
0.256743
0.500962
0.409712
0.427056
0.33393
0.176743
0.0781493
0.0286183
0.00189924
-0.179507
-0.26232
-0.155601
0.0247121
0.196118
0.290181
0.269399
0.138774
0.0173683
-0.153882
-0.235757
-0.211226
-0.219194
-0.208882
-0.305601
-0.336226
-0.419351
-0.413569
-0.425601
-0.489976
-0.463569
-0.348726
-0.258257
-0.183413
-0.232788
-0.321226
-0.443726
-0.539194
-0.637476
-0.659976
-0.700444
-0.680601
-0.792163
-0.848413
-0.828726
-0.884663
-0.645757
-0.670132
-0.655132
-0.642163
-0.621382
-0.704976
-0.731069
-0.718413
-0.691382
-0.757319
-0.593726
-0.304194
-0.157007
-0.0231009
-0.0223193
-0.077632
-0.124663
-0.167163
-0.412632
-0.350913
-0.0185695
-0.0849757
0.0781493
0.273462
0.102056
0.152837
0.126275
-0.00122547
0.000180721
0.335962
0.409868
0.700337
0.756118
0.753774
0.451431
0.259399
0.0928369
-0.015132
0.194399
0.265337
0.245649
0.366743
0.468149
0.639712
0.75315
0.707837
0.633931
0.439556
0.351899
0.377368
0.696118
0.749868
0.847055
1.34284
1.60409
1.51815
1.28893
1.05846
1.0269
0.968149
1.32502
1.23284
1.40612
1.22956
1.02018
1.13018
1.17081
1.26315
1.15143
1.24112
1.38815
1.59502
1.70581
1.52706
1.54674
1.83752
2.05877
2.39143
2.89268
3.67799
4.03081
3.82409
3.76315
3.64174
3.61799
3.36409
3.32549
3.51002
3.88424
4.30284
4.33377
4.15784
4.11221
3.84221
3.93737
4.1819
4.40721
4.72487
5.13409
5.59831
6.2169
6.67424
6.46159
6.62487
6.56612
6.97987
7.04768
7.76409
8.82721
9.3658
9.23643
8.60768
8.67909
8.84596
9.12081
9.33893
9.89503
10.1921
10.3946
10.1208
9.47612
