-1.6674
-1.65905
-1.78848
-1.7505
-1.68311
-1.75643
-1.65197
-1.68585
-1.6566
-1.56899
-1.73255
-1.70236
-1.80426
-1.9382
-2.08594
-2.1961
-2.32154
-2.18272
-2.16218
-2.09311
-1.98912
-2.03369
-2.07263
-1.92117
-1.96962
-1.83918
-1.84231
-1.8439
-1.87487
-1.88383
-1.81809
-1.90031
-1.77479
-1.78613
-1.76776
-1.76297
-1.71729
-1.70416
-1.7211
-1.84192
-2.07159
-2.17681
-2.35265
-2.42493
-2.28679
-2.26888
-2.02157
-2.06668
-2.07591
-2.14987
-2.16557
-2.05927
-1.93368
-1.90456
-1.99582
-2.03351
-2.05013
-1.97326
-1.96881
-2.02299
-2.03864
-1.9903
-1.9163
-2.25354
-2.36475
-2.40732
-2.49679
-2.68645
-2.95685
-3.01081
-2.97074
-2.4346
-2.52437
-2.46535
-2.26338
-2.43489
-2.33041
-2.45429
-3.45947
-2.38116
-2.35938
-2.38651
-2.27692
-2.15984
-2.2406
-2.23014
-2.32416
-2.32099
-2.25724
-2.35914
-2.53252
-2.53553
-2.68067
-2.67112
-2.52187
-2.70982
-3.01746
-2.84766
-2.37486
-2.42566
-2.30481
-2.10151
-1.98401
-2.42487
-2.533
-2.88914
-1.62706
-0.309904
1.02981
1.37882
1.0785
1.18224
1.23528
1.36419
1.14139
1.23246
1.28231
1.35255
1.43577
1.34399
1.13813
1.02037
1.01601
0.989545
0.999608
0.867454
1.15875
1.5711
1.67151
1.46985
1.46602
1.44127
1.30488
1.19058
1.165
1.10749
1.13717
1.04678
1.04595
0.953244
0.887368
0.877158
0.895853
0.78447
1.13086
1.31779
1.39685
1.58875
1.47353
1.40002
1.41139
1.30858
1.1537
1.10353
1.14101
1.09686
0.921424
0.861617
0.932777
0.923595
0.920516
1.02366
1.10047
1.2941
1.38573
1.65446
1.73561
1.67471
1.68186
1.57378
1.45588
1.49876
1.34039
1.36681
1.36961
1.25442
1.15193
1.08247
1.21964
1.54983
1.48986
1.49574
1.57812
1.446
1.40306
1.38812
1.38874
1.28554
1.20059
1.10741
1.11157
1.12307
1.16427
1.03547
0.847737
0.734183
0.472808
0.284291
0.298084
0.348266
0.434804
0.557063
0.614517
0.61752
0.600313
0.426563
0.263752
0.180403
0.236537
0.334983
0.37064
0.406509
0.33394
0.322759
0.379602
0.34568
0.23061
0.271458
0.242722
0.352098
0.46334
0.567315
0.630674
0.643123
0.669463
0.638352
0.636669
0.660442
0.713166
0.773495
0.845144
0.905147
1.04236
1.11818
1.14481
1.14201
1.07133
1.01832
1.03128
1.04484
0.96223
0.92553
0.841282
0.770124
0.613125
0.59198
0.686229
0.902918
0.95731
0.912241
0.962426
0.872168
0.814858
0.908258
0.955103
1.04005
1.13634
1.25938
1.38842
1.50222
1.52584
1.5255
1.53491
1.59568
1.63461
1.64462
1.65026
1.7127
1.76656
1.81282
1.73469
1.70996
1.75639
1.74943
1.79842
1.85666
1.89405
1.98332
2.02866
2.06395
2.06423
2.03498
2.03069
2.07395
2.07974
2.10843
2.20459
2.23139
2.24114
2.25083
2.18569
2.25695
2.27357
2.23697
2.26663
2.14927
2.10372
2.07438
2.09139
2.21807
