1.18101
1.25066
1.22124
1.20812
1.19389
1.25772
1.20046
1.19547
1.23587
1.20029
1.21445
1.31438
1.11992
1.15487
1.15894
1.10894
1.04702
1.06625
0
1.22498
1.28005
1.20689
1.33162
1.29091
1.25905
1.19647
1.14181
1.26101
1.3504
1.28722
1.1763
1.26615
1.17809
1.1995
1.23489
1.21076
1.26663
1.23688
1.22801
1.18587
1.38147
1.14591
1.28432
1.1482
1.21708
1.18282
1.32761
1.26469
1.23817
1.12345
1.12492
1.20835
1.18226
1.19047
1.27531
1.10477
1.15001
1.19001
1.19133
1.32864
1.26238
1.14372
1.23108
1.16531
1.33957
1.37543
1.32719
1.06818
1.08189
1.0628
1.18196
1.15661
1.16062
1.27196
1.06218
1.11224
1.17069
1.12722
0
1.20885
1.2151
1.33309
1.12985
1.06434
1.03025
1.20704
1.11139
1.09379
1.11843
1.04133
1.09608
1.13754
1.01329
1.15644
1.0854
1.16603
1.16113
1.13565
1.06552
1.04845
1.08879
1.13284
1.12497
1.22621
1.22221
1.35841
1.4512
1.69317
1.85268
2.01936
2.03122
2.07838
2.10244
2.168
2.29292
2.41341
2.52904
2.5777
2.59455
2.73183
2.79485
2.81515
2.79816
2.96696
3.02013
2.95405
2.91377
3.02193
2.89406
2.891
2.9195
2.91145
2.91418
2.93906
2.98711
2.99463
3.01396
2.90007
2.88342
2.96546
2.97314
2.94974
2.96509
2.94439
2.96098
2.87562
2.92142
2.92318
2.81051
2.81561
2.87547
2.97996
3.02718
2.95406
2.9411
2.97161
2.94733
2.93631
2.94419
2.96127
2.93587
2.92967
2.96812
2.91756
2.93522
2.80806
2.82574
2.81367
2.79994
2.82177
2.79353
2.88027
2.84748
2.84867
2.79329
2.69406
2.70184
2.71199
2.77631
2.89936
2.95868
2.85731
2.72604
2.7288
2.78108
2.81699
2.85683
2.76885
2.73611
2.88099
3.06933
3.07773
3.15447
3.30189
3.26105
3.05546
3.24244
3.11515
3.00149
3.15169
3.49355
3.44753
3.40447
3.28025
3.37953
3.41988
3.64465
3.68303
3.64596
3.46573
3.43948
3.41351
3.4122
3.47601
3.44819
3.55563
3.53276
3.44672
3.30499
2.89711
2.65063
2.56715
2.56773
2.55216
2.57492
2.54705
2.56351
2.51005
2.57873
2.60925
2.69755
2.75213
2.82107
2.8751
2.91866
2.88364
2.84087
2.86107
2.83196
2.84935
2.79256
2.73375
2.7498
2.6351
2.62456
2.64858
2.77317
2.98807
2.97605
2.94307
2.98885
3.0195
3.03874
3.10027
3.18522
3.26943
3.44053
3.67866
3.86132
3.94666
3.93278
3.8891
3.85129
3.9018
3.94292
3.96966
3.9703
3.99386
3.93706
3.94181
3.90925
3.74591
3.75727
3.78655
3.80751
3.96958
4.0722
4.32457
4.61336
4.83092
4.8356
4.85159
4.99725
5.09568
5.19692
5.42299
5.92319
6.45659
6.32951
6.3001
6.31543
6.09235
6.42626
6.53595
6.82217
6.72325
6.84528
6.79879
6.65312
6.57751
