0.0322514
0.0648055
0.0526645
0.0579873
0.0750488
0.0159848
0.0183572
0.0204426
-0.0272865
-0.0743258
-0.123197
0.00670946
-0.131733
-0.183904
-0.15464
-0.0402821
0.0365567
0.130458
0.318829
0.164268
-0.0329723
-0.0380408
0.168199
0.177767
0.0598559
0.000264645
-0.11569
0.108967
0.0996057
-0.00521243
-0.117837
0.0321598
0.0703038
0.0282108
0.0102479
0.131578
0.0155121
0.0959994
-0.0775692
-0.514409
-0.304201
-0.111959
-0.0391709
0.341972
0.285745
0.251651
0.232677
0.0206158
-0.0150937
-0.0431323
0.162338
0.25716
0.040538
-0.113005
-0.167229
0.0167316
0.0461142
-0.0790027
0.126429
0.0847669
0.0340644
-0.16244
-0.346421
-0.0897888
0.0944865
-0.369742
-0.256809
-0.138415
-0.158491
0.530047
0.584645
0.0721726
-0.218735
0.0172597
0.0525652
-0.0194507
-0.203098
0.180649
0.128962
-0.047194
-0.108923
-0.0940026
0.0730933
0.1184
-0.0921793
-0.284595
-0.0235403
0.110718
-0.125757
-0.114075
-0.454333
-0.302455
-0.183653
-0.0777687
-0.204182
0.206776
0.41451
0.496054
0.234262
0.240776
0.0901135
-0.319131
-0.415235
-0.21903
-2.04674
-1.82793
-1.72138
-1.2709
-1.23868
-1.36849
-1.70146
-1.76307
-2.0526
-1.94192
-2.08937
-1.78025
-1.44724
-1.19789
-1.1707
-1.29773
-1.44708
-1.75042
-1.7762
-1.3903
-2.01122
-2.12904
-2.2545
-1.46226
-1.27203
-1.51269
-1.69684
-1.63117
-1.53344
-1.58929
-1.30953
-1.33009
-1.68164
-1.64277
-1.70428
-1.87035
-1.78692
-1.58755
-1.64481
-1.83255
-2.10309
-2.13702
-1.7956
-1.72845
-1.60856
-1.48921
-1.65634
-1.6006
-1.58848
-1.56872
-1.53241
-1.90071
-1.86874
-1.73134
-1.82947
-1.7907
-1.75643
-1.98582
-2.07776
-1.8376
-1.78444
-1.61892
-1.47018
-1.57889
-1.59054
-1.62627
-1.57754
-1.54238
-1.40343
-1.29212
-1.47672
-1.63204
-1.86525
-2.03712
-2.06772
-1.74592
-1.7559
-1.74212
-1.57141
-1.56139
-1.62991
-1.5477
-1.4579
-1.74456
-1.93666
-2.08638
-2.1535
-1.95475
-1.59214
-1.03286
-1.17579
-1.0597
-0.795722
-1.41527
-2.13986
-2.2406
-2.07256
-1.97644
-1.84892
-1.62558
-1.36307
-1.29075
-1.6126
-2.18247
-2.07521
-2.1
-1.87175
-1.38411
-0.983864
-0.9207
-0.673632
-0.666585
-0.875592
-0.745082
-0.531852
-0.542917
-0.898652
-1.41147
-1.71997
-1.6818
-1.2986
-1.07473
-0.836172
-1.05071
-1.10127
-1.01778
-0.897521
-0.938209
-1.35948
-1.72839
-1.81547
-1.67636
-1.6345
-1.41808
-1.6679
-1.93134
-2.0449
-1.95457
-2.03715
-1.5644
-0.649982
-0.352202
-0.499968
-1.43265
-1.45789
-1.64744
-1.4709
-1.21267
-1.02768
-0.875047
-0.658725
-0.521863
-0.382358
-0.587979
-1.39947
-1.6106
-1.53446
-1.48137
-1.41306
-1.37267
-1.66327
-1.59927
-1.63264
-1.68858
-1.82631
-1.96428
-1.86148
-1.23322
-1.3076
-1.00299
-0.657689
-0.426348
-0.236507
-0.333874
-0.836134
-1.70868
-1.29371
-0.677372
-0.605113
-0.486317
-0.128534
-0.00815699
-0.155551
-0.879455
-1.74459
-1.29203
-0.862413
-0.791811
-0.891999
-0.493307
-0.509427
-1.48024
-1.8128
-1.50702
