-1.39639
-1.32674
-1.35616
-1.36928
-1.3835
-1.31968
-1.37693
-1.38193
-1.34152
-1.37711
-1.36294
-1.26302
-1.45748
-1.42252
-1.41846
-1.46845
-1.53038
-1.51114
-2.5774
-1.35242
-1.29734
-1.37051
-1.24578
-1.28649
-1.31834
-1.38093
-1.43559
-1.31638
-1.227
-1.29017
-1.40109
-1.31124
-1.39931
-1.3779
-1.34251
-1.36664
-1.31077
-1.34052
-1.34939
-1.39153
-1.19592
-1.43149
-1.29308
-1.4292
-1.36031
-1.39457
-1.24979
-1.3127
-1.33923
-1.45395
-1.45248
-1.36905
-1.39513
-1.38693
-1.30209
-1.47263
-1.42738
-1.38738
-1.38607
-1.24876
-1.31501
-1.43368
-1.34632
-1.41209
-1.23782
-1.20197
-1.25021
-1.50921
-1.49551
-1.51459
-1.39544
-1.42079
-1.41678
-1.30544
-1.51522
-1.46516
-1.40671
-1.45018
-2.5774
-1.36855
-1.36229
-1.24431
-1.44754
-1.51305
-1.54715
-1.37036
-1.46601
-1.48361
-1.45897
-1.53607
-1.48131
-1.43986
-1.5641
-1.42096
-1.492
-1.41137
-1.41627
-1.44174
-1.51187
-1.52894
-1.48861
-1.44456
-1.45242
-1.35119
-1.35518
-1.21899
-1.1262
-0.884227
-0.724718
-0.558038
-0.546174
-0.499021
-0.474953
-0.409395
-0.284481
-0.16399
-0.0483589
0.000300646
0.0171556
0.154432
0.217453
0.23775
0.220766
0.38956
0.442737
0.376649
0.336369
0.444532
0.316666
0.313605
0.342103
0.334049
0.336783
0.361662
0.409716
0.417236
0.436561
0.322676
0.306026
0.388068
0.395748
0.372339
0.38769
0.36699
0.383583
0.298223
0.344027
0.345786
0.23311
0.238213
0.298077
0.402561
0.44978
0.376658
0.363702
0.394215
0.369935
0.358918
0.366797
0.383877
0.358475
0.352276
0.390726
0.340164
0.357818
0.230658
0.248348
0.236269
0.222543
0.244371
0.216131
0.302871
0.270078
0.271269
0.215894
0.116665
0.124447
0.134593
0.198912
0.321961
0.381288
0.279918
0.148645
0.1514
0.20368
0.239593
0.27943
0.191453
0.158712
0.303595
0.491936
0.500329
0.577069
0.724488
0.683652
0.478062
0.66504
0.537749
0.424094
0.574293
0.916153
0.870133
0.827069
0.702858
0.802138
0.842486
1.06726
1.10563
1.06856
0.888334
0.862084
0.836114
0.834806
0.898618
0.870794
0.978232
0.955368
0.869323
0.727593
0.319716
0.073235
-0.0102508
-0.00966787
-0.0252368
-0.00247264
-0.0303428
-0.0138903
-0.0673437
0.00133634
0.0318482
0.120156
0.174731
0.243676
0.2977
0.34126
0.306244
0.263469
0.283675
0.254564
0.271949
0.215164
0.156353
0.172403
0.0577006
0.0471604
0.0711792
0.19577
0.410676
0.398653
0.365669
0.41145
0.442101
0.461342
0.522876
0.607822
0.692029
0.863132
1.10126
1.28392
1.36927
1.35538
1.31171
1.27389
1.3244
1.36552
1.39226
1.3929
1.41646
1.35966
1.36441
1.33186
1.16851
1.17987
1.20916
1.23011
1.39218
1.49481
1.74717
2.03597
2.25352
2.2582
2.27419
2.41986
2.51828
2.61953
2.84559
3.3458
3.8792
3.75212
3.7227
3.73803
3.51496
3.84886
3.95855
4.24478
4.14585
4.26789
4.22139
4.07572
4.00011
