-0.0914959
-0.0962431
-0.109727
-0.111813
-0.114805
-0.115256
-0.111316
-0.120332
-0.113922
-0.116158
-0.108507
-0.10475
-0.111251
-0.0891175
-0.0502898
-0.0406917
-0.063758
-0.10029
-0.0842771
-0.0833773
-0.0752408
-0.0948824
-0.107083
-0.101456
-0.100263
-0.0999564
-0.111615
-0.110352
-0.102825
-0.114438
-0.126172
-0.122667
-0.116752
-0.111175
-0.100234
-0.0983099
-0.113275
-0.0736675
-0.0766335
-0.0829708
-0.079157
-0.0673269
-0.0518887
-0.058998
-0.0813473
-0.0879903
-0.0483682
-0.0575536
-0.0804437
-0.11492
-0.0956479
-0.0921577
-0.115661
-0.111097
-0.119788
-0.115142
-0.10897
-0.106005
-0.107697
-0.123407
-0.107722
-0.111475
-0.107901
-0.105997
-0.0783782
-0.0453257
-0.0652519
-0.0842021
-0.117297
-0.0394528
-0.0325192
-0.107013
-0.123865
-0.116314
-0.118782
-0.110609
-0.124104
-0.0955447
-0.107795
-1.51801
-1.07838
-0.79205
-0.580456
-0.394424
-0.243239
-0.115068
-0.00442886
0.102895
0.191056
0.291739
0.394617
0.495842
0.575601
0.645829
0.699951
0.760957
0.828338
0.89466
0.947198
0.996182
1.03896
1.08443
1.14899
1.22928
1.55533
1.62212
1.67742
1.72265
1.76134
1.79297
1.81993
1.84756
1.88913
1.94996
2.00764
2.04681
2.0739
2.10426
2.13509
2.15868
2.18
2.2023
2.22283
2.24307
2.26014
2.29406
2.32339
2.34171
2.36101
2.37736
2.39267
2.4083
2.42345
2.43739
2.45522
2.4716
2.48489
2.49722
2.50933
2.5208
2.53187
2.54485
2.55831
2.57015
2.5867
2.60223
2.61504
2.62649
2.63813
2.65177
2.66517
2.67757
2.68847
2.69996
2.71119
2.72003
2.72982
2.74004
2.74947
2.75849
2.76925
2.77979
2.79214
2.8053
2.81756
2.82748
2.8379
2.84805
2.85884
2.8694
2.87869
2.88797
2.89859
2.90966
2.91873
2.92746
2.93775
2.95209
2.96314
2.97289
2.98532
2.99452
3.00295
3.01342
3.02202
3.02984
3.03888
3.04839
3.06272
3.07798
3.09076
3.10071
3.10864
3.12053
3.1304
3.14142
3.15522
3.16538
3.17793
3.19165
3.20145
3.20931
3.21668
3.22347
3.2314
3.24166
3.25119
3.26138
3.27626
3.28787
3.29443
3.30195
3.3121
3.32264
3.33608
3.34985
3.36094
3.37349
3.38817
3.40254
3.41219
3.41932
3.42469
3.42961
3.43661
3.44525
3.45508
3.46329
3.47115
3.47959
3.48847
3.49723
3.50317
3.50816
3.51456
3.52132
3.52677
3.53274
3.53953
3.5454
3.55049
3.56101
3.57096
3.5774
3.58846
3.60329
3.61527
3.62233
3.62965
3.63449
3.64019
3.64829
3.65642
3.66447
3.67454
3.68525
3.69767
3.70786
3.71311
3.71876
3.725
3.73019
3.73473
3.74096
3.74616
3.75289
3.76176
3.77032
3.77824
3.78508
3.78978
3.79518
3.7999
3.8061
3.81463
3.82543
3.83869
3.85027
3.85669
3.86001
3.86484
3.87293
3.88194
3.89202
3.90587
3.92089
3.93388
3.9405
3.94379
3.94865
3.95494
3.96174
3.96768
3.97672
3.98572
3.99048
3.99399
4.00007
