-0.0872006
-0.136055
0.0618639
0.00941062
-0.0173436
0.0165684
-0.037167
0.00962269
0.0242318
-0.058816
-0.130735
-0.205065
-0.137946
-0.094795
-0.391167
-0.00945175
0.247396
0.162643
0.371726
0.218111
-0.0652325
0.156747
0.001261
-0.0497192
0.28185
0.0513072
-0.151571
-0.116828
0.0736517
-0.0511843
0.0321426
-0.0531288
-0.0560596
0.154733
0.171089
-0.0697716
0.0568979
-0.103607
-0.197141
-0.439074
-0.144027
0.099516
0.0432723
0.32714
0.286582
0.295011
0.190613
-0.0706123
-0.0415623
-0.0267113
0.222322
0.154656
-0.0226431
-0.00736582
-0.0815943
-0.0939807
0.0121827
-0.0662652
-0.0405442
-0.0793588
0.0469921
-0.285568
-0.544417
0.0802929
-0.206061
-0.331706
-0.319024
-0.125508
0.0261599
0.471583
0.329694
-0.0337524
0.128438
0.0242808
0.0195565
-0.0829866
0.0536546
0.16016
-0.0326914
-0.0385189
0.00914669
0.110578
-0.079188
0.0751861
0.0124853
-0.0727369
-0.0206198
-0.0346349
-0.206195
-0.22546
-0.345177
-0.0237092
-0.24433
-0.03377
0.0473094
0.175244
0.552429
0.436832
0.324398
0.292526
0.344722
-0.141311
-0.27008
-0.423063
2.25409
2.97776
3.31723
3.62416
2.95401
2.07978
2.69094
3.31775
3.62609
2.872
1.6165
1.23951
1.31179
1.55442
1.73983
1.49734
1.29418
0.893679
1.12399
1.27271
0.84802
0.77441
1.10895
1.18909
1.22463
1.26509
1.30984
1.28897
1.18406
1.12851
1.3299
1.42943
1.1941
1.17919
1.1857
1.18623
1.17669
1.14972
0.965988
0.815011
0.950113
0.976255
1.21493
1.19529
1.27304
1.29389
1.16145
1.29333
1.20567
1.37439
1.29042
1.0833
1.13132
1.05517
0.997236
1.11629
0.997012
0.762279
0.56366
1.0976
1.26107
1.16288
1.27282
1.19484
1.10777
1.27747
1.22912
1.25787
1.33377
1.29818
1.29716
1.39589
0.872228
0.711685
0.665405
1.02398
0.823799
1.22797
1.32406
1.22182
1.24039
1.51667
1.65702
1.2602
1.60844
1.07304
0.654707
1.18566
1.48104
1.61308
1.55948
1.71486
2.0027
1.43819
0.661119
0.734817
0.981948
0.864192
1.07462
1.14645
1.50277
1.68122
1.42968
0.681029
0.464617
0.9479
1.17308
1.53033
1.50255
1.82149
2.2063
2.19035
1.90111
1.98287
2.29126
2.32134
1.83281
1.1934
1.12664
1.35756
1.33581
1.55501
1.83693
1.95026
1.84363
1.91447
2.06226
1.83168
1.52479
1.34826
1.28891
1.21089
1.06872
1.76656
1.24831
0.910932
1.0274
0.510904
0.779253
1.29461
1.93222
2.53936
2.46741
1.09502
1.36695
1.26531
1.24302
1.69974
1.92623
1.93878
2.32312
2.49816
2.55696
2.40796
2.08105
1.58045
1.50872
1.93799
1.95215
1.8472
1.55181
1.85914
2.13352
1.71464
1.25351
1.11542
1.32728
1.68444
1.54964
1.91138
2.20622
2.39648
2.59486
2.13499
1.50748
1.35991
1.45396
1.82528
1.99061
2.04471
2.61014
2.75374
2.38442
1.92116
1.44496
1.68141
2.23042
2.32033
2.35121
2.89176
2.77342
2.09557
1.70119
1.28398
