0.0897799
-0.0342937
0.0102441
0.0612764
0.111353
0.047305
0.134658
0.18225
0.0200737
0.114545
-0.0735726
0.159833
0.0506675
-0.0452654
0.0572392
0.0193868
0.211634
0.0223006
0.0720518
0.0363996
0.091489
0.228067
-0.0159515
-1.09985
0.242566
0.155219
0.0623134
-1.09985
-0.0975305
0.15399
0.191508
-0.0160787
0.0960274
0.0892742
-0.0433609
0.151318
0.133635
-0.0656372
0.0175538
0.0287578
0.152778
0.0359586
0.109912
0.0932564
0.022365
-0.0230532
0.0645282
0.177214
0.122768
0.0907911
0.0402044
0.0105578
0.070366
-1.09985
-0.0396348
0.154543
-0.0316577
0.0737995
0.167602
0.00568759
0.00349021
0.0113965
-0.071636
0.11524
0.0901099
-0.0337224
0.00371361
0.119355
-0.0633609
-0.0147173
0.128037
0.0672399
0.0903513
-0.0143243
0.0490273
0.115984
0.00855279
0.00211632
-0.0666882
-0.0197035
0.0572265
-0.009938
-0.0266215
0.0670294
0.110846
0.169182
0.0216094
-1.09985
0.135424
-0.0606754
-0.0578703
0.0304303
0.155235
-1.09985
-0.00424874
0.177927
-0.0326722
-0.0371823
0.0499761
0.0641119
0.0713586
0.0560278
0.0121033
0.080513
1.14278
1.60488
2.38239
3.09159
2.07983
1.44141
1.62642
2.23794
2.20887
1.45429
1.29315
1.2322
1.25639
1.11823
1.10825
1.06801
1.2255
1.00616
0
1.13908
1.13809
1.10757
1.071
1.02075
1.07306
1.18997
1.07267
1.11667
1.07924
1.01875
1.06267
1.16952
1.18097
1.10288
1.09235
1.14563
1.15088
1.09171
1.05897
1.01905
1.08373
1.03585
1.22097
1.07023
1.04262
1.04565
0
1.14271
1.05768
1.13674
1.11844
0
1.15322
1.06769
1.03368
1.0779
1.1255
1.06549
1.05933
1.07847
1.16744
1.02457
1.07683
1.11733
1.13065
1.07849
1.05
1.15941
1.00656
1.02433
1.12724
1.19344
1.01989
1.11236
1.071
1.06391
1.03248
1.06547
1.0716
1.1352
1.05161
1.06285
1.08441
1.22008
2.02558
1.58709
1.122
1.51004
1.32102
1.15699
1.05389
1.21033
1.07939
1.0599
1.18662
1.10479
1.12866
1.11352
1.04086
0
1.16154
1.04941
1.14556
1.21371
1.13965
1.14247
1.05671
1.12952
1.11907
1.11812
1.14599
1.13711
1.09424
1.069
1.18825
1.16383
1.08348
1.08122
1.08686
1.24148
1.16188
1.10298
1.09573
1.20004
1.13344
1.15112
1.11736
1.08668
1.08109
1.2226
1.13537
1.11209
1.12173
1.07616
1.13192
1.0494
1.0656
1.08485
1.2325
1.29741
1.17118
1.29394
1.23223
1.16167
1.11266
1.17767
1.11152
1.1545
1.12223
1.18025
1.16062
1.21753
1.2698
1.23321
1.28887
1.36944
1.13825
1.43733
1.38515
1.10722
1.18234
1.13128
1.07803
1.10794
1.25104
1.17204
1.26688
1.15055
1.18116
1.09772
1.14711
1.18921
1.26827
1.17539
1.23364
1.19678
1.34343
1.33446
1.14828
1.16532
1.33055
1.33085
1.17049
1.1544
1.41461
1.21973
1.23705
1.15075
1.16904
1.47237
1.34489
1.41852
1.44495
1.15271
