0.00227712
0.00804742
0.00587341
0.00682329
0.00990227
-0.000536561
-0.000129044
0.00022997
-0.00780226
-0.015352
-0.0228286
-0.00212057
-0.0240975
-0.0316212
-0.0274493
-0.00992368
0.00302953
0.0202719
0.0601481
0.0268873
-0.00873381
-0.00955975
0.0276712
0.0295918
0.00715795
-0.00321257
-0.0217037
0.0161815
0.0144272
-0.00413507
-0.0220263
0.00226116
0.0090407
0.00157394
-0.001518
0.0204875
-0.000617638
0.0137557
-0.0158596
-0.0711592
-0.0475441
-0.0211416
-0.00974335
0.0655859
0.05259
0.0450584
0.0409766
0.000259832
-0.00578666
-0.0103853
0.0265037
0.046258
0.00372817
-0.0212993
-0.029259
-0.000408381
0.0047114
-0.0160834
0.0194984
0.0116797
0.00259356
-0.0285732
-0.0526937
-0.0177573
0.0134747
-0.0554463
-0.0414988
-0.0250831
-0.0280053
0.11477
0.130868
0.00937954
-0.0364301
-0.000317678
0.00585574
-0.00650974
-0.0342919
0.0301738
0.0199843
-0.0110408
-0.0206825
-0.0184063
0.0095467
0.0179661
-0.0181258
-0.0450779
-0.00718558
0.0165115
-0.0232102
-0.0214607
-0.0649088
-0.0473265
-0.031586
-0.0158908
-0.0344412
0.0355286
0.0834683
0.105182
0.0413147
0.0427095
0.0126649
-0.0493901
-0.0606346
-0.0364702
0.129155
0.160746
0.178819
0.28058
0.289765
0.254491
0.182416
0.171518
0.128401
0.143429
0.123764
0.168597
0.235219
0.301831
0.310149
0.27315
0.235256
0.173701
0.16928
0.249
0.133826
0.118951
0.104926
0.231712
0.280262
0.220316
0.183262
0.1957
0.215792
0.20407
0.269948
0.264453
0.186069
0.193444
0.181903
0.15407
0.167476
0.204426
0.193049
0.160006
0.122079
0.118006
0.166028
0.17756
0.200175
0.22555
0.190836
0.201776
0.204236
0.208312
0.216015
0.149462
0.154318
0.177046
0.160499
0.166843
0.17266
0.137268
0.125211
0.1592
0.167891
0.198112
0.229885
0.206205
0.203816
0.196662
0.206482
0.213871
0.245751
0.274687
0.228386
0.19553
0.154857
0.130404
0.126473
0.174485
0.172752
0.175149
0.207752
0.209843
0.195947
0.212737
0.232725
0.174722
0.144185
0.124135
0.116078
0.1416
0.203489
0.355987
0.308574
0.346561
0.451255
0.242861
0.117671
0.106395
0.125863
0.138562
0.157407
0.196798
0.255874
0.275063
0.199369
0.112763
0.12553
0.122457
0.153854
0.250547
0.373864
0.39824
0.509854
0.513459
0.416615
0.474696
0.587516
0.581051
0.407118
0.243785
0.179071
0.186038
0.272913
0.341389
0.433366
0.349689
0.332448
0.361396
0.407579
0.391328
0.256794
0.17757
0.162761
0.187054
0.195049
0.242179
0.188642
0.144954
0.129393
0.141626
0.130399
0.209213
0.522055
0.703138
0.60655
0.238676
0.232727
0.192543
0.229719
0.297403
0.357835
0.416842
0.517511
0.593414
0.682251
0.555449
0.246728
0.199767
0.215571
0.227327
0.243396
0.253429
0.189518
0.202044
0.195414
0.184782
0.161006
0.140257
0.155442
0.291352
0.270468
0.366781
0.518047
0.652889
0.79785
0.717368
0.433383
0.181104
0.274252
0.50795
0.546013
0.614887
0.879384
0.993068
0.855944
0.415009
0.174716
0.274712
0.422142
0.453024
0.409836
0.610604
0.60084
0.227583
0.163197
0.221569
