-0.858286
-0.896232
-0.792034
-0.84866
-0.77962
-0.74225
-0.690544
-0.832485
-0.819946
-0.769359
-0.701663
-0.756144
-0.848492
-0.890904
-1.00701
-1.10324
-1.47362
-1.50336
-1.48283
-1.28099
-1.21844
-1.26172
-1.23967
-1.1077
-0.990938
-1.00091
-1.07488
-1.10151
-1.05267
-0.932502
-0.996389
-0.971658
-0.993685
-0.881257
-0.860735
-0.877967
-0.936279
-0.883819
-0.854646
-0.851453
-0.859364
-1.19899
-1.3089
-1.47534
-1.43694
-1.28359
-1.12908
-1.10492
-1.16668
-1.11931
-1.30131
-1.17779
-1.11143
-1.01759
-1.1043
-1.19195
-1.23137
-1.14042
-1.20006
-1.23036
-1.06414
-1.10095
-1.00183
-1.1324
-1.28998
-1.32796
-1.43624
-1.66672
-1.68935
-1.68741
-1.69166
-1.54867
-1.51278
-1.54914
-1.67778
-1.45305
-1.63525
-1.54406
-2.72244
-1.42738
-1.47864
-1.45671
-1.55494
-1.51999
-1.45219
-1.53776
-1.54468
-1.60213
-1.45403
-1.46433
-1.56649
-1.51175
-1.87137
-1.88551
-1.73474
-1.85868
-1.76911
-1.64853
-1.66197
-1.51474
-1.45185
-1.26806
-1.35306
-1.58098
-1.90548
-1.79691
-1.80519
-1.42053
-1.41937
-1.13285
-1.29178
-1.05584
-1.07936
-1.0212
-0.605475
-0.384313
-0.155912
-0.113032
-0.0173197
-0.0610547
-0.0136096
-0.0709126
-0.0551198
-0.225889
-0.115054
-0.10916
-0.0584774
0.00145721
-0.00739574
-0.0103509
-0.0246737
-0.26972
-0.187872
-0.145398
-0.101509
-0.378196
-0.278217
-0.201481
-0.414705
-0.350212
-0.306941
-0.340703
-0.315062
-0.229059
-0.0806088
-0.160142
-0.172116
-0.122696
-0.0521231
-0.204033
-0.113095
-0.238102
-0.245674
-0.27205
-0.266776
-0.221706
-0.27354
-0.286835
-0.312386
-0.359018
-0.34657
-0.392443
-0.346399
-0.307911
-0.275638
-0.267473
-0.281156
-0.300127
-0.364157
-0.33249
-0.329614
-0.281518
-0.249506
-0.392041
-0.31907
-0.350891
-0.410692
-0.298416
-0.25531
-0.246685
-0.176316
-0.23762
-0.338842
-0.338078
-0.354158
-0.406196
-0.443828
-0.27597
-0.412362
-0.343645
-0.209354
-0.147421
-0.120376
-0.102208
-0.0116608
0.0127449
-0.0634704
-0.137672
0.0637686
0.0849211
0.0547476
0.11212
0.24163
0.307345
0.0930738
0.119776
-0.0403287
0.0501969
0.0461414
0.0854928
0.0727394
0.135021
-0.0334487
-0.0887311
-0.00429296
0.0670631
-0.107848
0.00221181
0.0333521
0.196026
0.399498
0.58059
0.673332
0.709238
0.734145
0.725988
0.716774
0.786026
0.942645
0.983073
1.12064
1.21185
1.3204
1.37727
1.38633
1.36241
1.33475
1.29587
1.30423
1.31028
1.26909
1.1969
1.17213
1.0491
0.997055
1.00298
1.14394
1.40231
1.42208
1.44504
1.56525
1.55442
1.48223
1.5811
1.63198
1.74505
1.88379
2.02969
2.19787
2.32126
2.25733
2.23499
2.14477
2.20839
2.29427
2.30815
2.31675
2.29346
2.33879
2.29924
2.29128
2.22853
2.18647
2.18528
2.25819
2.36437
2.48022
2.5997
2.73212
2.87304
2.90835
2.92895
2.93751
3.02481
3.10409
3.21545
3.30862
3.43387
3.45174
3.45142
3.40346
3.46823
3.4562
3.54024
3.45995
3.23386
3.26571
3.22415
3.21235
3.38317
