1.79207
1.80042
1.67098
1.70897
1.77635
1.70303
1.8075
1.77362
1.80287
1.89047
1.72692
1.75711
1.65521
1.52127
1.37353
1.26337
1.13793
1.27675
1.29728
1.36635
1.47034
1.42577
1.38684
1.5383
1.48984
1.62029
1.61716
1.61557
1.58459
1.57564
1.64138
1.55915
1.68468
1.67333
1.69171
1.69649
1.74218
1.75531
1.73837
1.61755
1.38788
1.28265
1.10681
1.03453
1.17268
1.19059
1.43789
1.39278
1.38356
1.30959
1.29389
1.40019
1.52578
1.55491
1.46364
1.42595
1.40933
1.48621
1.49065
1.43648
1.42083
1.46917
1.54317
1.20593
1.09471
1.05215
0.962672
0.773017
0.502616
0.448652
0.488727
1.02487
0.935093
0.994119
1.19609
1.02457
1.12906
1.00517
-1.#INF
1.07831
1.10009
1.07296
1.18255
1.29963
1.21886
1.22933
1.13531
1.13847
1.20223
1.10032
0.926948
0.923939
0.778798
0.788347
0.937598
0.74965
0.442007
0.611811
1.08461
1.03381
1.15466
1.35796
1.47546
1.0346
0.926466
0.570324
1.8324
3.14956
4.48928
4.83828
4.53796
4.6417
4.69474
4.82366
4.60085
4.69193
4.74178
4.81202
4.89524
4.80346
4.5976
4.47983
4.47548
4.44901
4.45907
4.32692
4.61821
5.03056
5.13098
4.92932
4.92549
4.90073
4.76435
4.65004
4.62447
4.56696
4.59664
4.50624
4.50542
4.41271
4.34683
4.33662
4.35532
4.24394
4.59032
4.77726
4.85632
5.04821
4.93299
4.85948
4.87086
4.76804
4.61316
4.56299
4.60048
4.55632
4.38089
4.32108
4.39224
4.38306
4.37998
4.48313
4.55993
4.75356
4.8452
5.11392
5.19507
5.13418
5.14133
5.03325
4.91535
4.95823
4.79986
4.82628
4.82908
4.71389
4.61139
4.54193
4.67911
5.0093
4.94933
4.95521
5.03758
4.90546
4.86252
4.84758
4.8482
4.74501
4.66006
4.56688
4.57104
4.58254
4.62374
4.49494
4.3072
4.19365
3.93227
3.74376
3.75755
3.80773
3.89427
4.01653
4.07398
4.07699
4.05978
3.88603
3.72322
3.63987
3.696
3.79445
3.83011
3.86598
3.79341
3.78223
3.83907
3.80515
3.69008
3.73092
3.70219
3.81156
3.92281
4.02678
4.09014
4.10259
4.12893
4.09782
4.09614
4.11991
4.17263
4.23296
4.30461
4.36461
4.50183
4.57764
4.60427
4.60147
4.5308
4.47779
4.49074
4.50431
4.4217
4.385
4.30075
4.22959
4.07259
4.05145
4.1457
4.36238
4.41678
4.37171
4.42189
4.33163
4.27432
4.36772
4.41457
4.49951
4.5958
4.71884
4.84789
4.96169
4.9853
4.98497
4.99438
5.05514
5.09408
5.10408
5.10973
5.17217
5.22603
5.27228
5.19415
5.16942
5.21586
5.2089
5.25788
5.31613
5.35352
5.44278
5.48813
5.52342
5.5237
5.49445
5.49016
5.53341
5.53921
5.5679
5.66405
5.69086
5.7006
5.7103
5.64516
5.71642
5.73303
5.69643
5.72609
5.60874
5.56319
5.53385
5.55086
5.67753
