-0.319145
-0.454797
0.13819
-0.0305662
-0.113292
-0.00805593
-0.173176
-0.0299015
0.0162239
-0.237232
-0.440344
-0.635467
-0.459915
-0.340669
-1.06487
-0.0891197
0.811411
0.488349
1.33774
0.696673
-0.255953
0.466878
-0.056
-0.210485
0.950773
0.103511
-0.496512
-0.402199
0.177348
-0.214809
0.0414832
-0.220539
-0.229154
0.45957
0.519329
-0.269124
0.121831
-0.365441
-0.615351
-1.16307
-0.476311
0.264902
0.0773604
1.14143
0.970289
1.00529
0.591953
-0.271557
-0.186293
-0.141739
0.712965
0.459293
-0.129418
-0.0826988
-0.30315
-0.338369
-0.0218673
-0.258955
-0.18326
-0.296747
0.0894411
-0.831059
-1.36315
0.199614
-0.637984
-0.936258
-0.907824
-0.426069
0.0223618
1.8105
1.15243
-0.162946
0.365526
0.0163796
0.00138927
-0.307131
0.111191
0.479292
-0.159759
-0.177217
-0.0313931
0.303047
-0.296257
0.18248
-0.0209165
-0.277696
-0.123271
-0.165593
-0.638322
-0.686519
-0.96607
-0.132651
-0.732834
-0.162998
0.0904737
0.534667
2.22939
1.64059
1.12963
0.994938
1.21779
-0.469
-0.794642
-1.13078
9.52664
19.6438
27.5838
37.4934
19.1828
8.00274
14.7456
27.5983
37.5658
17.6723
5.03545
3.45392
3.71282
4.73234
5.69638
4.46977
3.648
2.44411
3.07712
3.57051
2.33502
2.16931
3.03118
3.28408
3.40289
3.54343
3.70559
3.62903
3.26762
3.09103
3.78066
4.17632
3.30058
3.25173
3.27298
3.2747
3.24362
3.1573
2.62738
2.2592
2.586
2.6545
3.37005
3.30453
3.57169
3.64694
3.19455
3.64492
3.339
3.95265
3.6343
2.95442
3.09974
2.87247
2.71078
3.05351
2.71017
2.14315
1.75709
2.99696
3.52921
3.19914
3.57092
3.30302
3.02759
3.58754
3.41821
3.51792
3.79534
3.66262
3.6589
4.03856
2.39224
2.03742
1.94528
2.78425
2.27914
3.41428
3.75863
3.39337
3.45696
4.55701
5.24364
3.52613
4.99503
2.92425
1.92458
3.27286
4.39753
5.01825
4.75636
5.55587
7.40904
4.21308
1.93696
2.0851
2.66965
2.37309
2.92888
3.147
4.49414
5.37208
4.17736
1.97591
1.5914
2.58029
3.23194
4.61969
4.49312
6.18107
9.08203
8.93835
6.69332
7.26353
9.88735
10.1893
6.25144
3.29828
3.08527
3.88669
3.80306
4.73512
6.27722
7.03055
6.31942
6.78337
7.86369
6.24438
4.59417
3.85073
3.62883
3.35646
2.91164
5.85067
3.48445
2.48664
2.79379
1.6668
2.17984
3.64956
6.90481
12.6716
11.7919
2.98925
3.92337
3.5442
3.46605
5.47254
6.86362
6.95024
10.2074
12.1601
12.8966
11.1113
8.01291
4.85715
4.52093
6.9448
7.04384
6.34206
4.72
6.4182
8.44457
5.55466
3.50262
3.05085
3.77078
5.38945
4.70977
6.76241
9.08136
10.9845
13.3947
8.45696
4.51535
3.89583
4.28001
6.20453
7.32003
7.72695
13.6009
15.7013
10.8527
6.82891
4.24167
5.37313
9.30373
10.179
10.4983
18.0249
16.0132
8.13005
5.48047
3.611
