0.0075841
-0.0434757
0.115232
-1.09206
0.00720727
-1.09206
0.0660532
0.0271223
0.111102
0.126669
0.0169038
0.119105
-0.013669
0.151235
0.105741
0.152823
-1.09206
0.0797313
0.268702
0.0831946
0.0129504
-0.0210335
0.0833626
0.064299
0.0396352
-0.0779357
0.0583391
0.124906
0.141164
-0.0514855
0.191641
0.0200057
0.0887641
-0.00293267
0.0648569
0.130204
0.0426034
-0.0433683
0.123748
0.0127463
-0.0252494
0.0042156
0.185132
0.0049988
0.270198
0.00138366
0.137594
0.219973
0.0904418
0.0628308
0.0186768
-0.051834
0.062119
0.0667914
0.128461
0.0333024
0.0408728
0.160371
0.0188832
0.0880612
0.201236
-0.00762522
0.0313864
-0.0385948
0.0347755
-0.0274472
0.0279559
-0.0266513
-0.0418477
0.0976558
0.0805516
0.0767864
-0.0256798
-0.0170603
-1.09206
-0.011979
0.0156065
0.0729764
0.123045
0.0185467
-0.0103002
-0.0754116
0.128516
-0.0564911
0.0936164
0.00216615
0.149519
0.0572301
0.047354
-1.09206
0.0620235
0.0414747
0.0022285
0.0750999
0.0674421
0.00636876
0.0813524
0.0102969
0.00722873
-0.00827312
-0.0242583
-0.0215443
0.206081
0.13398
1.20134
1.28097
1.27068
1.13596
1.07416
1.12702
1.07938
1.14616
1.14833
1.33246
1.42053
1.21395
1.17438
1.14096
1.20841
1.09855
1.05758
1.07698
1.08919
1.13921
1.03715
1.14297
1.16286
1.17093
1.14379
1.25347
0
1.03284
1.28212
0
1.06538
1.06184
1.31409
1.09364
1.18021
1.06464
1.02661
1.11253
1.21831
1.11921
1.1391
1.24628
1.04214
1.08666
1.13224
1.07687
1.19221
0
1.10664
1.04391
1.14837
0
1.00018
1.25035
1.07878
1.10024
1.2406
1.04727
1.09245
1.10199
1.14042
1.06371
1.04837
1.06155
1.13515
1.32958
1.24009
1.05231
1.11797
1.18088
1.0386
1.09274
1.02199
1.14031
1.05463
1.22743
1.06112
1.1175
0
1.04845
1.21589
1.10998
1.02341
1.08854
1.34619
1.21901
1.12123
1.11628
1.20419
1.15446
1.1205
1.16936
1.23829
1.13553
1.14476
1.15412
1.13994
1.17338
1.1146
1.11386
1.09169
1.18186
1.0767
1.08106
1.14146
1.16201
1.17951
1.12066
1.19454
1.14277
1.18678
1.18761
1.15408
1.12917
1.20035
1.19183
1.19114
1.03177
1.14133
1.07555
1.19328
1.06883
1.23811
1.15026
1.14038
1.20309
1.14438
1.16299
1.06208
1.25862
1.18538
1.30258
1.13277
1.12366
1.10615
1.18382
0
1.17492
1.12542
1.11819
1.1178
1.36354
1.24499
1.14585
1.07969
1.06876
1.15081
1.20897
1.18076
1.13635
1.20207
1.24113
1.32347
1.21987
1.179
1.21137
1.19334
1.12485
1.16481
1.24465
1.05125
1.09428
1.14219
1.13904
1.15609
1.15286
1.03548
1.08677
1.07461
1.13271
1.17985
1.31309
1.52426
1.4398
1.24318
1.12864
1.22755
1.18293
1.18937
1.31802
1.69413
1.74834
1.49482
1.1612
1.53397
1.15688
1.09687
1.17173
1.11219
1.24606
1.23875
1.24012
1.09557
1.14833
