-4.17269
-3.94675
-3.78066
-3.98878
-3.85925
-3.54425
-3.77238
-3.83253
-3.8905
-3.8855
-3.82144
-3.8905
-3.74581
-3.85769
-3.94519
-4.26003
-4.55159
-4.65066
-4.61378
-4.60972
-4.42128
-4.228
-4.22566
-4.16128
-4.07644
-4.36706
-4.47909
-4.35941
-4.17769
-4.23128
-4.25456
-4.32519
-4.30456
-4.22441
-4.24894
-4.318
-4.35394
-4.32784
-4.04816
-4.04878
-4.23269
-4.44847
-4.68816
-4.61316
-4.53409
-4.49331
-4.60238
-4.64644
-4.62378
-4.50113
-4.44284
-4.47206
-4.29816
-4.30159
-4.51378
-4.55113
-4.54425
-4.46519
-4.48097
-4.49222
-4.38456
-4.33706
-4.19034
-4.32394
-4.37175
-4.74394
-4.403
-4.19691
-3.91878
-3.70144
-3.88722
-4.55613
-4.53191
-4.61331
-4.62284
-4.50253
-4.68503
-4.74347
-6.21394
-4.65128
-4.73441
-4.71206
-4.64956
-4.68456
-4.72316
-4.66706
-4.70863
-4.71191
-4.73206
-4.70956
-4.73847
-4.59284
-4.29722
-3.95644
-3.73331
-3.60488
-3.67675
-3.88331
-4.29909
-4.52222
-4.58128
-4.45941
-4.41909
-4.18956
-3.93488
-3.41488
-3.47613
-2.95847
-1.96863
-0.682688
-0.602531
-0.00690651
0.552781
1.42544
1.97591
2.232
2.56028
2.62653
2.66966
2.64669
2.58778
2.482
2.38466
2.43309
2.39731
2.33169
2.14762
2.29028
2.35106
2.48669
2.42747
2.28012
2.22278
2.21981
2.12528
2.26559
2.24012
2.32809
2.21262
2.24153
2.06622
2.08512
2.10544
2.09153
1.9395
1.91434
2.06231
2.03887
2.08012
2.06419
1.99653
1.88278
1.79872
1.83528
1.81934
1.87559
1.89044
1.86387
1.82669
1.76762
1.71169
1.72278
1.57309
1.43169
1.42622
1.46591
1.59153
1.50606
1.5145
1.29825
1.25106
1.17387
1.13544
1.02278
1.05981
1.11778
1.08856
1.06231
0.940437
0.84325
0.789656
0.881218
0.864344
0.842
0.880281
0.748562
0.778718
1.02497
1.00387
0.38075
-0.263625
-0.319875
-0.63675
-1.03691
-1.08566
-0.972063
-1.12519
-1.41659
-1.348
-1.42128
-1.52784
-1.32738
-0.998625
-1.33222
-1.41394
-1.59659
-1.75034
-1.86706
-1.76331
-2.01691
-2.01441
-1.89066
-1.57534
-1.758
-1.78159
-1.97956
-1.73378
-1.37456
-1.17878
-0.836906
-0.262219
0.0709062
0.16325
0.0229373
0.00184345
0.0454373
0.0340309
0.107781
0.442781
0.776531
0.978875
1.30278
1.73544
1.91059
1.90794
1.92341
1.662
1.48872
1.52106
1.79372
1.48294
1.4195
0.996375
0.510593
0.270125
0.217156
0.741844
1.31856
1.24919
1.06919
1.29481
1.06137
0.961375
1.22184
1.43559
1.86309
2.32981
2.88591
3.55762
3.89559
4.0795
4.20919
4.35544
4.51825
4.68169
4.95372
5.00747
5.40872
5.83309
5.96419
5.84387
5.75653
5.76544
5.86622
6.02122
6.35294
6.84762
7.46137
8.14216
8.18888
8.24044
8.282
8.30841
8.40637
8.61981
8.95387
9.57403
10.1242
10.4931
10.5018
10.3923
10.5779
10.9506
11.3
11.7793
12.8168
12.8814
13.1228
12.9411
12.4872
