-0.120662
-0.118028
-0.133347
-0.132479
-0.137895
-0.13182
-0.131233
-0.136606
-0.11387
-0.116575
-0.135404
-0.135003
-0.125932
-0.0824698
-0.039958
-0.02389
-0.0670356
-0.112627
-0.0705131
-0.0770495
-0.0871083
-0.105468
-0.129682
-0.137106
-0.10275
-0.119401
-0.134811
-0.134192
-0.125548
-0.134689
-0.141391
-0.140683
-0.128367
-0.117461
-0.101771
-0.138321
-0.117394
-0.0902086
-0.0907141
-0.0954396
-0.0722768
-0.055556
-0.0680178
-0.0728101
-0.102372
-0.0865801
-0.0632361
-0.0728786
-0.107501
-0.139734
-0.113665
-0.115687
-0.130559
-0.13362
-0.135212
-0.145354
-0.128356
-0.136253
-0.139459
-0.143503
-0.135548
-0.10143
-0.102335
-0.0869005
-0.0542327
-0.0493666
-0.0674069
-0.10524
-0.125895
-0.0540755
-0.0564878
-0.130014
-0.123069
-0.13275
-0.125059
-0.137814
-0.124787
-0.118838
-0.136298
-1.5157
-1.10142
-0.790339
-0.578167
-0.390372
-0.233078
-0.0972129
0.0236773
0.131806
0.23425
0.340938
0.457693
0.560389
0.641024
0.705044
0.758865
0.817002
0.890834
0.957358
1.0116
1.06095
1.10762
1.15328
1.22237
1.27666
1.61801
1.70089
1.80896
1.9541
2.04142
2.09725
2.1581
2.23011
2.29915
2.34591
2.37874
2.40413
2.42221
2.43998
2.46177
2.47998
2.49467
2.50723
2.51927
2.53235
2.54975
2.57426
2.5945
2.60812
2.61977
2.6327
2.64628
2.65954
2.67167
2.68167
2.69377
2.70579
2.71655
2.72793
2.73862
2.74871
2.75859
2.7687
2.77985
2.79249
2.80573
2.81888
2.83048
2.83979
2.84976
2.86193
2.8748
2.88628
2.89477
2.90416
2.91293
2.92057
2.92931
2.93779
2.94599
2.95457
2.96496
2.9775
2.98991
3.00223
3.01224
3.02021
3.02802
3.03762
3.0477
3.05771
3.06613
3.07359
3.08137
3.0892
3.09663
3.10483
3.11325
3.12715
3.13756
3.14746
3.15839
3.16575
3.17376
3.1832
3.19079
3.19886
3.20796
3.22009
3.2441
3.261
3.27035
3.28315
3.29487
3.30403
3.31212
3.32237
3.33375
3.34076
3.35103
3.35992
3.36794
3.37508
3.38086
3.38617
3.3944
3.40442
3.41262
3.42275
3.43476
3.44185
3.44841
3.45492
3.46133
3.46933
3.48086
3.49206
3.50075
3.50968
3.52132
3.53318
3.54045
3.54622
3.55122
3.55608
3.5612
3.56724
3.57504
3.58325
3.59067
3.59835
3.60661
3.61326
3.61867
3.62389
3.62972
3.63731
3.64236
3.64979
3.65683
3.66355
3.66987
3.67858
3.68833
3.69736
3.70625
3.71906
3.72985
3.7368
3.7431
3.74714
3.75283
3.76018
3.76769
3.77458
3.78421
3.79467
3.80489
3.81366
3.82066
3.82565
3.83146
3.8375
3.84397
3.85055
3.85601
3.86248
3.87063
3.87695
3.88146
3.88561
3.88925
3.89403
3.8981
3.90398
3.91177
3.92028
3.9298
3.93611
3.93991
3.94338
3.94793
3.9533
3.95905
3.96511
3.97449
3.98463
3.99268
3.99801
4.00128
4.00591
4.01269
4.02011
4.02761
4.04003
4.05033
4.05568
4.06021
4.06649
