-0.0136304
-0.0109965
-0.0263152
-0.0254476
-0.0308639
-0.0247884
-0.0242015
-0.0295745
-0.00683871
-0.0095434
-0.0283721
-0.0279711
-0.0189005
0.0245616
0.0670735
0.0831415
0.0399959
-0.005596
0.0365184
0.0299819
0.0199231
0.00156309
-0.0226506
-0.0300741
0.00428185
-0.0123693
-0.0277799
-0.0271602
-0.018517
-0.0276573
-0.0343597
-0.0336515
-0.0213352
-0.0104294
0.0052606
-0.03129
-0.0103626
0.0168228
0.0163174
0.0115919
0.0347546
0.0514754
0.0390137
0.0342213
0.00465961
0.0204513
0.0437954
0.0341529
-0.000469118
-0.0327025
-0.00663401
-0.00865549
-0.0235272
-0.0265887
-0.0281802
-0.0383222
-0.0213241
-0.0292216
-0.0324273
-0.0364712
-0.0285165
0.00560147
0.00469622
0.020131
0.0527987
0.0576648
0.0396246
0.00179163
-0.0188636
0.0529559
0.0505436
-0.0229829
-0.0160375
-0.0257183
-0.0180272
-0.0307825
-0.0177553
-0.0118066
-0.0292664
-0.032911
-0.0272153
-0.015858
-0.0345332
-0.0230492
-0.0238364
-0.023857
-0.0220957
-0.0216579
-0.0134909
0.0120575
0.0543714
0.0500828
0.0183864
-0.0102535
-0.0283151
-0.00714204
0.0534422
0.0457159
0.0158831
0.00783654
0.00638224
0.0108763
0.124103
0.0746702
0.280979
0.435786
0.625245
0.953447
0.644017
0.442213
0.510914
0.646197
0.664783
0.477156
0.348489
0.277494
0.201934
0.202117
0.252745
0.215482
0.176655
0.153174
0.148681
0.163413
0.220959
0.317689
0.268311
0.18351
0.159162
0.178649
0.190177
0.188274
0.174355
0.14533
0.177859
0.178849
0.161962
0.173069
0.16453
0.156828
0.155046
0.160292
0.178698
0.204989
0.217528
0.219044
0.195495
0.158627
0.171364
0.211671
0.226545
0.20472
0.15283
0.170566
0.160786
0.141213
0.16281
0.159431
0.155352
0.164038
0.200456
0.2446
0.245198
0.246532
0.202489
0.162768
0.160738
0.199187
0.211405
0.211834
0.179899
0.160659
0.168956
0.171303
0.163683
0.182252
0.188626
0.314834
0.238709
0.229094
0.255927
0.173927
0.190526
0.226773
0.183578
0.197039
0.224004
0.301877
0.608129
0.436968
0.245029
0.339039
0.314227
0.24833
0.220983
0.282755
0.317287
0.197427
0.291571
0.254789
0.231803
0.207834
0.169397
0.156493
0.244279
0.300192
0.247781
0.308827
0.370455
0.220796
0.205525
0.205322
0.203819
0.255745
0.372507
0.365892
0.286642
0.297286
0.391638
0.403432
0.249806
0.199369
0.173961
0.169785
0.179705
0.21356
0.277392
0.294046
0.268051
0.279503
0.30315
0.245911
0.200904
0.195383
0.219059
0.28725
0.192569
0.284415
0.271835
0.26135
0.247308
0.343385
0.387712
0.362492
0.360186
0.524848
0.447102
0.29071
0.265189
0.170911
0.2422
0.314318
0.324131
0.29901
0.421927
0.462556
0.456908
0.395243
0.318596
0.228284
0.267414
0.279083
0.301182
0.308637
0.257186
0.307029
0.38957
0.303847
0.21836
0.201646
0.17785
0.233993
0.200308
0.290492
0.387949
0.427611
0.482057
0.32234
0.194749
0.178912
0.234862
0.279168
0.300658
0.318326
0.497237
0.542215
0.434645
0.289619
0.178251
0.25366
0.37381
0.411932
0.419177
0.701715
0.588208
0.307925
0.262453
0.365191
