0.0599145
0.104133
0.201321
0.241633
0.182258
0.303821
0.174758
0.181946
0.110852
0.0925708
0.175539
0.22804
0.263196
0.318977
0.26054
0.122571
0.00257075
-0.0918043
-0.0594605
0.0319457
0.140696
0.142102
0.0475707
0.105227
0.160227
-0.00758553
-0.0346167
0.0210083
0.112414
0.0972582
0.00553954
-0.00336671
-0.0293043
0.0469458
0.027727
0.017102
0.011477
0.020852
0.0981958
0.0921021
0.105227
0.00163329
-0.114773
-0.149304
-0.0357105
0.111633
0.184133
0.022727
-0.0994605
-0.071023
-0.0138355
-0.0308667
-0.0646168
0.0156958
-0.038523
-0.0469605
-0.112117
-0.0369605
-0.0236793
-0.0688355
-0.00742924
-0.072898
0.00272703
0.00350821
-0.0189917
-0.143211
0.047102
-0.057898
0.0153832
0.0403832
0.0700707
-0.12946
-0.0575855
-0.0802418
-0.115398
0.0999146
-0.151023
-0.201336
-1.58446
-0.137586
-0.14446
-0.184304
-0.077273
-0.157898
-0.190554
-0.149617
-0.200398
-0.186023
-0.201023
-0.144773
-0.200086
-0.205086
-0.111492
0.017727
0.169133
0.139602
0.288664
0.204914
0.160852
-0.129617
-0.0646168
0.103196
0.0536644
0.176633
1.78578
2.12391
2.45984
2.99422
3.21
3.24141
3.06859
3.28906
3.47906
3.55813
3.65297
4.035
4.39391
4.64016
4.61281
4.80813
4.70078
4.42906
4.28484
4.63812
4.39578
4.34
4.30297
4.80578
4.84125
5.17922
5.14906
4.79516
4.73594
4.70797
4.57406
4.81828
4.72703
4.74438
4.65125
4.49406
4.39547
4.34594
4.31922
4.13781
4.055
4.16172
4.34203
4.51344
4.6075
4.58672
4.45609
4.33469
4.16344
4.08156
4.10609
4.09812
4.10844
4.01172
3.98109
3.89797
3.90375
3.89172
3.82734
3.85375
3.96859
4.05906
4.13391
4.08453
3.99609
3.87359
3.77813
3.67984
3.65734
3.61687
3.63672
3.52516
3.46891
3.48859
3.43266
3.67156
3.64719
3.66219
3.67516
3.69594
3.61234
3.58625
3.59891
3.62594
3.56
3.72359
4.01312
4.16031
4.29422
4.295
4.23969
4.19266
4.15016
3.90469
3.96641
4.29875
4.23234
4.39547
4.59078
4.41937
4.47016
4.44359
4.31609
4.3175
4.65328
4.72719
5.01766
5.07344
5.07109
4.76875
4.57672
4.41016
4.30219
4.51172
4.58266
4.56297
4.68406
4.78547
4.95703
5.07047
5.02516
4.95125
4.75688
4.66922
4.69469
5.01344
5.06719
5.16437
5.66016
5.92141
5.83547
5.60625
5.37578
5.34422
5.28547
5.64234
5.55016
5.72344
5.54688
5.3375
5.4475
5.48812
5.58047
5.46875
5.55844
5.70547
5.91234
6.02313
5.84438
5.86406
6.15484
6.37609
6.70875
7.21
7.99531
8.34813
8.14141
8.08047
7.95906
7.93531
7.68141
7.64281
7.82734
8.20156
8.62016
8.65109
8.47516
8.42953
8.15953
8.25469
8.49922
8.72453
9.04219
9.45141
9.91562
10.5342
10.9916
10.7789
10.9422
10.8834
11.2972
11.365
12.0814
13.1445
13.6831
13.5538
12.925
12.9964
13.1633
13.4381
13.6563
14.2123
14.5094
14.7119
14.4381
13.7934
