0
0
0
0
0
0
0
0
0
0
0
0
0
0
0
0
0
1
1
1
0
0
0
0
0
0
0
0
0
0
0
0
0
0
0
0
1
0
0
0
0
0
0
0
1
1
1
0
0
0
0
0
0
0
0
0
0
0
0
0
0
0
0
0
0
0
0
1
1
1
1
0
0
0
0
0
0
0
0
0
0
0
0
1
0
0
0
0
0
0
0
0
1
1
1
1
1
1
1
1
1
1
1
1
1
1
1
2
1.41421
1.41421
1.41421
1.41421
2.23607
2.23607
2.23607
2.23607
2.23607
2.23607
2.23607
2.23607
2.23607
2.23607
2.23607
2.23607
2.23607
2.23607
2.23607
2.23607
2.23607
2.23607
2.23607
2.23607
2.23607
2.23607
2.23607
2.23607
2.23607
2.23607
2.23607
2.23607
2.23607
2.23607
2.23607
1.41421
1.41421
1.41421
2.23607
2.23607
2.23607
2.23607
2.23607
1.41421
1.41421
1.41421
1.41421
1.41421
1.41421
1.41421
1.41421
1.41421
1.41421
1.41421
1
1
1.41421
1.41421
1.41421
1.41421
1.41421
1.41421
1
1
1
1
1
1
1
1
1
0
1
1
1
1
1
1
0
1
1
1
1
1
1
1
1
1.41421
1.41421
1
1
1
1
1
1.41421
1.41421
1.41421
1.41421
1.41421
1
1
1
1
1
1
1.41421
1
1
1
1
1
1.41421
2.23607
2.23607
2.82843
2.82843
2.82843
2.82843
2.82843
2.82843
3.60555
3.60555
3.60555
4.24264
4.24264
4.24264
4.24264
4.24264
5
5
5
5
5
5
5
3.60555
3.60555
3.60555
5
5
5.65685
5
5
5
5.65685
5.65685
5.65685
7.07107
7.07107
7.81025
9.21954
9.21954
9.21954
9.21954
9.8995
9.8995
10.6301
10.6301
10.6301
10.6301
10.6301
10.6301
10.6301
10.6301
11.4018
11.4018
11.4018
12.0416
12.0416
13.4536
14.1421
14.1421
14.8661
14.8661
15.5563
15.5563
16.9706
17.6918
18.4391
19.2094
20
20
20
20.6155
22.0227
22.0227
23.4307
24.8395
25.4951
25.4951
26.1725
25.4558
